5 100
1 50 9
2 80 80
3 40 96
4 13 71
5 23 10
6 98 3
7 58 34
8 53 82
9 96 89
10 79 45
11 51 41
12 10 10
13 10 12
14 86 45
15 46 95
16 10 16
17 67 50
18 12 28
19 89 72
20 41 90
21 9 67
22 84 93
23 55 68
24 60 90
25 60 36
26 25 21
27 41 76
28 83 9
29 98 70
30 70 28
31 9 67
32 25 28
33 99 82
34 35 7
35 21 25
36 93 23
37 48 88
38 35 83
39 57 17
40 54 41
41 51 95
42 85 10
43 69 89
44 75 90
45 67 3
46 29 18
47 1 12
48 80 42
49 42 56
50 93 73
51 32 53
52 69 34
53 43 1
54 73 52
55 40 99
56 51 81
57 16 28
58 77 13
59 82 15
60 58 10
61 6 44
62 40 17
63 95 74
64 22 35
65 8 93
66 41 1
67 23 80
68 8 97
69 26 50
70 66 67
71 16 23
72 49 67
73 51 48
74 2 72
75 35 66
76 59 27
77 97 83
78 66 87
79 12 51
80 39 68
81 79 37
82 43 47
83 58 50
84 57 35
85 20 79
86 86 31
87 48 91
88 94 83
89 95 72
90 65 47
91 72 49
92 0 41
93 34 13
94 4 40
95 14 20
96 85 75
97 11 98
98 87 78
99 79 2
100 9 1
1 90 67
2 52 56
3 80 27
4 79 5
5 89 83
6 92 40
7 86 91
8 96 30
9 37 2
10 12 44
11 46 17
12 20 99
13 94 11
14 20 49
15 4 15
16 3 92
17 63 64
18 56 4
19 96 43
20 61 6
21 34 98
22 51 30
23 28 44
24 89 19
25 2 56
26 41 76
27 89 65
28 55 73
29 46 53
30 62 68
31 7 30
32 0 73
33 79 0
34 77 22
35 34 91
36 33 93
37 41 6
38 10 47
39 65 90
40 71 49
41 22 1
42 46 47
43 74 27
44 2 97
45 8 83
46 58 43
47 81 92
48 99 4
49 97 78
50 51 27
51 67 66
52 84 11
53 23 47
54 35 83
55 54 7
56 7 56
57 81 12
58 45 5
59 83 53
60 99 52
61 98 79
62 13 51
63 33 90
64 11 48
65 7 6
66 50 87
67 38 43
68 81 55
69 16 35
70 24 26
71 92 19
72 43 1
73 75 1
74 61 69
75 47 93
76 20 44
77 78 99
78 29 88
79 53 33
80 78 33
81 36 86
82 76 48
83 57 20
84 17 38
85 30 89
86 89 48
87 28 73
88 59 79
89 36 11
90 75 31
91 28 42
92 1 13
93 85 5
94 8 39
95 14 93
96 2 83
97 57 91
98 89 5
99 42 94
100 44 55
101 83 23
102 38 57
103 4 72
104 15 5
105 39 50
106 52 41
107 57 46
108 4 94
109 84 62
110 63 51
111 11 78
112 23 37
113 87 5
114 91 37
115 83 54
116 36 42
117 67 19
118 47 4
119 3 44
120 8 12
121 90 3
122 99 63
123 41 60
124 25 10
125 86 95
126 21 80
127 30 92
128 44 5
129 99 1
130 69 98
131 81 77
132 21 85
133 14 9
134 74 38
135 99 0
136 90 40
137 53 51
138 61 8
139 79 60
140 95 27
141 80 80
142 50 88
143 32 55
144 11 74
145 75 42
146 4 2
147 74 9
148 30 12
149 81 14
150 49 31
151 85 87
152 11 86
153 4 81
154 26 79
155 31 35
156 25 39
157 5 42
158 18 0
159 27 33
160 52 58
161 98 99
162 62 56
163 95 87
164 65 43
165 20 48
166 27 64
167 10 64
168 41 92
169 69 64
170 83 51
171 29 32
172 43 39
173 16 65
174 97 32
175 90 29
176 85 47
177 61 91
178 33 85
179 24 54
180 90 16
181 16 82
182 58 82
183 8 60
184 28 40
185 0 26
186 31 62
187 50 0
188 28 65
189 56 22
190 39 30
191 90 32
192 52 90
193 63 79
194 2 19
195 31 56
196 67 14
197 74 66
198 35 46
199 73 61
200 31 55
201 36 56
202 32 64
203 98 22
204 97 61
205 62 67
206 29 2
207 14 59
208 26 83
209 29 68
210 18 28
211 58 9
212 9 44
213 58 16
214 88 83
215 64 81
216 91 94
217 91 84
218 94 34
219 99 88
220 91 40
221 82 41
222 57 63
223 26 65
224 0 14
225 40 51
226 17 5
227 42 2
228 97 27
229 46 88
230 6 82
231 34 13
232 96 80
233 76 34
234 11 30
235 65 92
236 84 41
237 76 78
238 46 16
239 51 46
240 17 93
241 16 73
242 43 12
243 64 85
244 52 88
245 86 67
246 87 10
247 82 9
248 5 69
249 44 76
250 87 91
251 54 69
252 49 48
253 67 75
254 29 64
255 56 80
256 75 0
257 70 13
258 66 61
259 69 84
260 15 90
261 82 22
262 43 97
263 4 73
264 59 66
265 72 76
266 72 74
267 58 26
268 38 46
269 24 95
270 45 88
271 56 87
272 31 5
273 91 86
274 39 69
275 43 44
276 99 60
277 60 97
278 8 31
279 26 51
280 43 93
281 16 62
282 92 79
283 8 0
284 42 44
285 74 20
286 36 74
287 39 27
288 33 95
289 90 38
290 5 18
291 33 90
292 23 27
293 77 11
294 13 61
295 17 7
296 19 73
297 52 51
298 72 94
299 95 52
300 96 91
301 44 95
302 94 23
303 8 25
304 21 33
305 63 13
306 40 88
307 45 24
308 59 26
309 39 64
310 2 97
311 86 80
312 27 67
313 0 63
314 22 87
315 54 39
316 99 38
317 41 14
318 74 38
319 95 99
320 19 52
321 90 79
322 97 3
323 66 31
324 27 27
325 91 46
326 54 30
327 50 99
328 4 63
329 68 27
330 23 44
331 2 33
332 79 24
333 13 2
334 46 31
335 50 21
336 30 39
337 45 49
338 6 6
339 82 23
340 0 68
341 36 95
342 96 7
343 84 69
344 88 41
345 10 11
346 70 67
347 76 74
348 49 57
349 0 73
350 90 64
351 84 96
352 77 70
353 15 14
354 84 0
355 92 97
356 80 44
357 27 54
358 8 7
359 36 71
360 39 44
361 14 5
362 21 39
363 50 63
364 63 71
365 0 49
366 6 9
367 33 36
368 84 39
369 17 26
370 91 69
371 84 87
372 49 12
373 30 25
374 40 22
375 65 41
376 20 28
377 33 45
378 50 79
379 75 38
380 19 52
381 51 13
382 99 42
383 91 71
384 11 91
385 69 69
386 89 10
387 79 69
388 59 26
389 55 8
390 8 24
391 23 40
392 5 59
393 29 77
394 75 87
395 85 4
396 64 79
397 6 39
398 18 71
399 88 6
400 21 58
401 14 48
402 52 96
403 51 10
404 48 63
405 85 23
406 23 66
407 29 95
408 29 10
409 7 40
410 13 13
411 96 24
412 5 64
413 4 10
414 3 40
415 51 88
416 38 49
417 86 50
418 10 74
419 87 9
420 7 18
421 28 11
422 1 61
423 81 97
424 50 11
425 9 7
426 63 47
427 92 8
428 62 90
429 43 88
430 91 41
431 7 8
432 12 96
433 85 74
434 79 79
435 85 55
436 23 98
437 32 95
438 84 85
439 22 43
440 83 6
441 59 91
442 30 44
443 25 90
444 56 78
445 87 19
446 30 99
447 17 66
448 11 20
449 98 4
450 76 6
451 17 71
452 26 54
453 83 64
454 14 97
455 23 76
456 68 0
457 4 84
458 81 15
459 77 67
460 71 95
461 17 0
462 91 65
463 24 23
464 80 66
465 83 64
466 86 17
467 67 76
468 89 88
469 65 76
470 60 60
471 75 59
472 55 11
473 51 30
474 94 32
475 84 95
476 42 31
477 33 80
478 89 16
479 79 61
480 29 60
481 83 48
482 14 58
483 90 50
484 32 28
485 95 92
486 50 0
487 7 10
488 20 58
489 45 80
490 13 94
491 29 48
492 82 87
493 21 55
494 84 86
495 87 72
496 9 3
497 47 0
498 76 27
499 45 96
500 20 1
