5 1000
1 53 84
2 62 79
3 51 40
4 73 68
5 58 92
6 45 29
7 65 79
8 79 27
9 84 99
10 60 44
11 48 44
12 69 94
13 28 67
14 96 59
15 50 56
16 20 30
17 72 80
18 87 50
19 30 51
20 79 54
21 95 83
22 69 4
23 53 40
24 81 76
25 65 73
26 78 83
27 20 39
28 36 8
29 15 67
30 51 83
31 43 13
32 17 1
33 71 14
34 56 84
35 91 28
36 97 32
37 20 5
38 49 64
39 74 65
40 41 87
41 85 19
42 93 77
43 78 37
44 10 33
45 43 79
46 35 62
47 0 95
48 10 81
49 65 67
50 32 38
51 84 96
52 84 37
53 75 45
54 62 14
55 90 71
56 33 50
57 25 63
58 97 23
59 19 39
60 23 34
61 3 23
62 41 12
63 92 34
64 32 24
65 94 68
66 98 7
67 32 2
68 3 88
69 35 56
70 1 32
71 74 96
72 42 72
73 45 85
74 36 36
75 98 87
76 61 25
77 43 98
78 34 60
79 55 72
80 44 40
81 13 37
82 19 22
83 72 26
84 17 23
85 59 8
86 88 63
87 38 91
88 59 7
89 81 69
90 66 7
91 98 95
92 26 7
93 6 72
94 63 33
95 68 43
96 33 63
97 11 61
98 19 37
99 77 20
100 99 19
101 67 13
102 77 89
103 98 98
104 87 52
105 39 27
106 79 86
107 5 37
108 42 17
109 10 11
110 15 99
111 63 83
112 54 16
113 75 25
114 52 76
115 71 21
116 30 60
117 70 47
118 39 84
119 18 37
120 9 8
121 85 10
122 94 41
123 64 46
124 57 74
125 18 2
126 26 65
127 5 99
128 56 84
129 58 60
130 13 72
131 46 11
132 80 17
133 96 18
134 16 57
135 97 58
136 98 73
137 2 7
138 14 52
139 89 13
140 52 29
141 67 78
142 58 69
143 95 64
144 55 70
145 91 55
146 25 57
147 23 36
148 62 73
149 30 77
150 44 45
151 29 0
152 76 60
153 3 52
154 63 97
155 84 3
156 94 45
157 8 84
158 4 68
159 52 11
160 22 31
161 63 45
162 65 41
163 32 40
164 50 65
165 44 40
166 22 12
167 69 6
168 99 67
169 1 97
170 66 42
171 1 57
172 86 88
173 60 79
174 49 38
175 31 94
176 21 18
177 54 12
178 81 83
179 34 34
180 27 62
181 2 97
182 52 43
183 81 82
184 76 1
185 84 37
186 66 54
187 45 79
188 30 6
189 58 77
190 81 52
191 91 11
192 34 50
193 19 3
194 57 56
195 25 16
196 33 67
197 70 3
198 39 3
199 4 43
200 6 78
201 3 47
202 53 94
203 27 66
204 73 74
205 82 75
206 24 56
207 53 74
208 71 91
209 63 2
210 23 78
211 25 20
212 76 68
213 3 99
214 84 41
215 40 26
216 1 15
217 71 2
218 49 44
219 57 39
220 22 53
221 29 82
222 73 49
223 91 76
224 13 95
225 32 48
226 40 2
227 20 27
228 52 83
229 70 85
230 90 28
231 82 31
232 34 56
233 73 9
234 85 50
235 25 26
236 33 23
237 79 70
238 48 42
239 46 27
240 77 27
241 85 88
242 9 91
243 86 99
244 95 43
245 50 65
246 73 72
247 49 94
248 71 98
249 47 17
250 75 81
251 90 63
252 70 5
253 15 16
254 23 50
255 79 10
256 36 43
257 8 63
258 43 93
259 21 42
260 70 74
261 14 42
262 0 59
263 53 61
264 74 84
265 98 49
266 94 29
267 51 95
268 36 22
269 18 4
270 76 69
271 75 44
272 63 40
273 28 30
274 63 86
275 51 77
276 76 5
277 47 1
278 67 48
279 63 10
280 52 53
281 42 38
282 51 29
283 15 7
284 92 13
285 26 21
286 74 17
287 66 0
288 98 69
289 78 60
290 30 23
291 97 88
292 33 20
293 73 89
294 82 50
295 27 87
296 58 7
297 52 22
298 27 37
299 93 34
300 25 21
301 37 50
302 59 30
303 2 59
304 38 46
305 2 98
306 70 2
307 79 28
308 56 54
309 4 30
310 56 25
311 25 41
312 85 38
313 62 67
314 65 43
315 73 61
316 76 44
317 35 9
318 85 46
319 28 3
320 18 14
321 50 35
322 47 29
323 17 56
324 28 23
325 66 73
326 32 63
327 77 99
328 96 96
329 65 21
330 68 35
331 93 95
332 73 41
333 22 26
334 67 70
335 43 9
336 25 1
337 12 41
338 74 89
339 93 55
340 21 6
341 38 41
342 76 99
343 28 12
344 66 35
345 13 89
346 81 6
347 35 82
348 20 55
349 62 6
350 7 91
351 88 57
352 79 56
353 47 31
354 50 36
355 25 6
356 2 9
357 0 62
358 97 52
359 19 73
360 13 9
361 59 32
362 57 54
363 28 19
364 65 30
365 21 19
366 27 87
367 48 29
368 17 81
369 61 19
370 52 96
371 62 30
372 10 6
373 86 71
374 6 73
375 85 68
376 35 88
377 93 98
378 31 55
379 99 25
380 27 28
381 65 20
382 14 6
383 78 15
384 61 70
385 44 15
386 90 99
387 20 16
388 47 29
389 22 51
390 67 57
391 12 92
392 45 52
393 83 38
394 93 49
395 97 61
396 81 36
397 92 24
398 31 41
399 15 3
400 27 71
401 9 36
402 29 69
403 78 36
404 67 77
405 51 2
406 33 48
407 57 70
408 15 73
409 75 62
410 22 40
411 21 11
412 72 82
413 33 53
414 7 96
415 85 5
416 13 18
417 23 96
418 47 75
419 63 75
420 74 46
421 71 16
422 98 95
423 28 32
424 78 22
425 8 57
426 66 53
427 81 87
428 49 98
429 63 46
430 35 24
431 29 71
432 91 45
433 88 15
434 25 61
435 22 40
436 9 99
437 87 75
438 68 5
439 13 77
440 54 1
441 75 84
442 88 27
443 39 60
444 36 36
445 46 49
446 11 17
447 40 49
448 17 0
449 24 52
450 6 12
451 7 16
452 99 68
453 48 66
454 65 5
455 18 44
456 85 86
457 92 34
458 48 44
459 83 64
460 6 28
461 78 89
462 14 73
463 28 92
464 59 37
465 58 68
466 80 60
467 70 41
468 93 58
469 85 19
470 78 72
471 94 31
472 17 2
473 64 25
474 24 5
475 1 72
476 16 59
477 45 78
478 34 18
479 2 26
480 40 56
481 7 27
482 47 49
483 63 24
484 15 50
485 40 90
486 59 63
487 85 34
488 33 47
489 71 12
490 9 2
491 67 53
492 36 85
493 51 20
494 14 92
495 6 74
496 56 58
497 79 22
498 64 67
499 83 68
500 38 39
501 9 74
502 65 10
503 13 53
504 74 11
505 45 87
506 47 89
507 17 37
508 88 54
509 91 62
510 97 42
511 10 23
512 43 66
513 33 0
514 83 63
515 69 66
516 63 3
517 74 69
518 93 93
519 88 26
520 71 98
521 46 2
522 46 19
523 27 67
524 41 42
525 33 10
526 75 20
527 70 95
528 29 85
529 30 98
530 76 13
531 70 10
532 41 78
533 23 44
534 14 47
535 43 95
536 66 65
537 90 99
538 95 7
539 77 24
540 38 66
541 58 41
542 29 59
543 90 43
544 32 79
545 40 7
546 63 89
547 49 58
548 27 35
549 61 67
550 96 83
551 52 94
552 98 38
553 43 10
554 29 70
555 99 22
556 8 6
557 60 10
558 54 29
559 81 82
560 88 80
561 11 35
562 6 35
563 31 76
564 15 32
565 71 59
566 46 9
567 27 54
568 13 63
569 42 90
570 15 79
571 13 61
572 79 18
573 99 57
574 28 38
575 3 98
576 54 78
577 79 16
578 72 17
579 88 62
580 6 66
581 94 97
582 99 39
583 76 99
584 78 5
585 96 90
586 86 91
587 66 8
588 66 49
589 56 88
590 36 74
591 48 76
592 28 73
593 5 67
594 29 11
595 82 96
596 75 80
597 83 49
598 84 15
599 62 39
600 42 0
601 78 23
602 42 13
603 11 63
604 12 70
605 49 23
606 61 99
607 26 31
608 18 18
609 68 25
610 33 9
611 69 67
612 23 99
613 15 6
614 7 17
615 24 50
616 86 16
617 46 36
618 96 25
619 34 15
620 61 42
621 54 59
622 61 59
623 35 75
624 54 51
625 30 66
626 47 36
627 5 33
628 30 10
629 0 42
630 97 5
631 55 95
632 46 99
633 36 44
634 53 89
635 35 93
636 83 53
637 64 91
638 54 10
639 6 63
640 64 39
641 52 55
642 86 57
643 3 49
644 10 12
645 5 85
646 24 91
647 17 55
648 86 58
649 12 61
650 22 90
651 22 64
652 16 36
653 82 93
654 72 14
655 78 20
656 4 36
657 78 58
658 52 0
659 9 88
660 95 86
661 34 40
662 84 49
663 68 91
664 35 8
665 5 96
666 97 44
667 40 73
668 16 88
669 39 49
670 74 9
671 77 95
672 34 85
673 81 88
674 12 58
675 2 86
676 49 24
677 65 36
678 55 81
679 79 66
680 68 90
681 57 63
682 9 82
683 22 59
684 96 5
685 42 64
686 60 59
687 13 85
688 9 38
689 6 98
690 68 80
691 79 77
692 5 18
693 46 73
694 78 4
695 17 35
696 8 72
697 81 83
698 52 14
699 86 52
700 63 21
701 92 7
702 16 38
703 25 90
704 10 80
705 27 17
706 75 80
707 97 87
708 11 80
709 57 90
710 35 48
711 80 91
712 87 6
713 56 87
714 77 30
715 33 94
716 51 53
717 35 46
718 88 71
719 60 67
720 93 56
721 62 98
722 77 0
723 59 27
724 75 94
725 71 71
726 57 96
727 16 14
728 40 0
729 20 9
730 81 37
731 12 80
732 46 32
733 65 21
734 44 50
735 98 40
736 19 89
737 97 79
738 86 82
739 13 87
740 47 28
741 12 83
742 58 61
743 37 55
744 36 21
745 6 87
746 51 51
747 85 55
748 44 82
749 52 45
750 34 37
751 82 24
752 95 31
753 52 67
754 98 37
755 27 58
756 86 32
757 62 53
758 25 28
759 22 84
760 94 9
761 84 22
762 44 10
763 89 68
764 4 42
765 34 3
766 30 68
767 52 9
768 45 88
769 88 26
770 9 70
771 57 99
772 93 47
773 1 18
774 88 32
775 30 15
776 59 67
777 50 25
778 52 59
779 79 84
780 41 83
781 63 56
782 2 24
783 28 17
784 79 52
785 7 36
786 40 95
787 75 24
788 52 85
789 28 97
790 9 70
791 79 71
792 11 19
793 43 62
794 18 27
795 56 86
796 9 3
797 84 25
798 6 0
799 96 69
800 18 83
801 38 36
802 24 93
803 74 64
804 92 25
805 72 67
806 30 81
807 74 71
808 4 91
809 44 82
810 80 66
811 99 52
812 95 21
813 27 37
814 10 49
815 17 51
816 88 59
817 78 26
818 31 43
819 46 18
820 45 79
821 70 93
822 54 89
823 55 27
824 28 13
825 21 15
826 56 13
827 89 52
828 84 86
829 40 3
830 66 37
831 54 42
832 7 21
833 78 71
834 3 48
835 39 61
836 44 26
837 37 1
838 95 6
839 98 6
840 66 99
841 8 97
842 28 2
843 95 75
844 69 25
845 42 45
846 2 43
847 51 8
848 25 27
849 85 33
850 11 83
851 23 80
852 73 60
853 70 29
854 76 88
855 57 78
856 87 34
857 37 66
858 28 57
859 13 4
860 25 3
861 2 78
862 6 94
863 58 1
864 74 28
865 76 67
866 20 65
867 94 82
868 75 28
869 23 68
870 32 65
871 98 81
872 68 64
873 58 67
874 5 84
875 80 68
876 14 81
877 7 8
878 81 45
879 73 79
880 1 68
881 55 47
882 12 89
883 57 22
884 39 55
885 91 99
886 33 45
887 71 59
888 4 20
889 9 42
890 36 90
891 96 90
892 48 8
893 53 39
894 57 86
895 1 29
896 55 44
897 66 64
898 10 51
899 68 79
900 6 35
901 28 50
902 93 80
903 34 68
904 9 48
905 3 60
906 36 31
907 43 10
908 71 65
909 98 4
910 35 18
911 64 52
912 53 61
913 44 89
914 78 7
915 48 52
916 51 30
917 36 0
918 62 46
919 96 68
920 73 85
921 29 9
922 83 40
923 93 24
924 1 55
925 92 45
926 52 64
927 44 87
928 70 75
929 96 32
930 35 45
931 89 1
932 99 51
933 8 6
934 94 42
935 48 25
936 68 29
937 30 49
938 88 55
939 69 13
940 67 20
941 88 22
942 14 3
943 99 87
944 86 48
945 29 87
946 50 64
947 33 28
948 95 27
949 9 31
950 32 87
951 29 58
952 7 67
953 77 22
954 33 94
955 98 15
956 5 82
957 64 14
958 57 67
959 86 96
960 51 21
961 20 45
962 13 60
963 75 3
964 96 2
965 54 61
966 46 37
967 80 80
968 91 29
969 14 47
970 25 76
971 53 91
972 50 14
973 82 67
974 0 18
975 71 28
976 41 13
977 80 11
978 67 83
979 45 47
980 91 73
981 26 31
982 39 37
983 69 67
984 2 84
985 23 27
986 52 39
987 70 74
988 67 28
989 95 98
990 78 8
991 3 78
992 31 26
993 19 32
994 57 69
995 12 7
996 84 67
997 55 52
998 50 21
999 51 13
1000 45 14
1 65 15
2 94 43
3 76 1
4 43 6
5 43 39
6 88 46
7 68 83
8 69 47
9 0 13
10 17 36
11 10 32
12 71 16
13 43 84
14 83 17
15 23 45
16 76 82
17 53 63
18 43 87
19 84 87
20 49 18
21 89 50
22 26 73
23 19 38
24 98 72
25 83 3
26 21 38
27 95 9
28 4 32
29 44 78
30 0 91
31 18 25
32 82 97
33 62 6
34 92 5
35 40 81
36 63 12
37 63 99
38 46 59
39 5 97
40 97 5
41 85 10
42 34 20
43 24 38
44 86 44
45 59 10
46 43 6
47 87 58
48 99 64
49 68 28
50 11 12
51 45 93
52 32 1
53 39 8
54 74 96
55 62 45
56 26 47
57 80 95
58 6 7
59 91 62
60 73 24
61 20 48
62 46 29
63 38 57
64 25 5
65 99 82
66 90 77
67 86 84
68 59 92
69 78 32
70 80 15
71 64 89
72 82 13
73 83 96
74 25 91
75 51 91
76 73 6
77 54 86
78 92 97
79 47 3
80 63 82
81 83 68
82 96 80
83 54 49
84 60 96
85 35 13
86 29 58
87 81 58
88 60 30
89 65 32
90 45 42
91 32 34
92 53 7
93 9 84
94 22 99
95 92 62
96 45 75
97 68 97
98 31 95
99 93 2
100 58 34
101 35 28
102 55 37
103 62 14
104 24 96
105 26 61
106 31 14
107 57 21
108 50 49
109 14 89
110 70 69
111 26 60
112 3 73
113 68 54
114 89 83
115 26 64
116 37 63
117 73 11
118 6 3
119 78 16
120 45 95
121 60 26
122 72 30
123 30 31
124 17 47
125 47 82
126 81 4
127 31 89
128 7 74
129 25 82
130 69 8
131 24 40
132 69 62
133 24 67
134 40 46
135 15 47
136 70 98
137 43 75
138 9 0
139 87 73
140 43 37
141 36 42
142 36 43
143 83 33
144 32 84
145 3 31
146 78 95
147 46 37
148 70 19
149 56 10
150 6 62
151 90 71
152 31 0
153 12 82
154 60 55
155 79 7
156 86 51
157 39 31
158 71 81
159 4 26
160 79 91
161 35 55
162 42 83
163 68 74
164 51 6
165 4 90
166 43 77
167 67 80
168 47 64
169 10 35
170 31 0
171 72 76
172 5 95
173 44 26
174 56 15
175 65 88
176 14 30
177 31 14
178 27 34
179 28 48
180 31 37
181 31 54
182 50 89
183 63 9
184 84 58
185 84 7
186 71 68
187 94 78
188 18 59
189 50 46
190 39 42
191 18 35
192 40 16
193 75 13
194 46 52
195 53 12
196 35 62
197 4 94
198 69 18
199 25 16
200 32 34
201 41 97
202 31 58
203 17 45
204 35 52
205 96 67
206 84 82
207 8 89
208 19 95
209 13 34
210 13 50
211 63 32
212 5 72
213 71 8
214 64 0
215 9 99
216 34 34
217 14 4
218 0 20
219 4 82
220 98 29
221 77 93
222 55 85
223 27 53
224 53 14
225 75 73
226 5 90
227 2 81
228 71 9
229 92 59
230 86 9
231 80 35
232 42 97
233 33 50
234 67 4
235 88 98
236 90 30
237 36 84
238 72 69
239 76 20
240 44 18
241 54 50
242 24 36
243 93 43
244 32 33
245 32 90
246 28 45
247 96 88
248 48 41
249 51 58
250 51 77
251 86 49
252 26 76
253 83 75
254 53 17
255 8 1
256 33 72
257 14 67
258 54 30
259 11 6
260 4 90
261 18 33
262 71 97
263 70 44
264 33 47
265 36 31
266 18 18
267 68 66
268 31 5
269 24 47
270 53 17
271 89 14
272 24 31
273 57 55
274 30 28
275 33 17
276 30 45
277 53 61
278 59 52
279 77 28
280 5 38
281 42 6
282 81 77
283 83 14
284 4 47
285 36 49
286 6 63
287 53 86
288 0 3
289 9 40
290 40 14
291 13 4
292 13 18
293 0 73
294 64 6
295 7 79
296 27 95
297 41 14
298 74 83
299 33 47
300 48 43
301 51 83
302 92 83
303 10 67
304 91 67
305 61 55
306 42 37
307 88 91
308 24 38
309 92 62
310 76 9
311 49 97
312 40 56
313 22 10
314 21 38
315 11 16
316 70 62
317 92 97
318 63 30
319 11 30
320 7 33
321 81 97
322 44 51
323 36 89
324 7 50
325 90 36
326 91 70
327 70 38
328 93 53
329 43 36
330 61 0
331 45 53
332 55 44
333 85 80
334 45 90
335 27 93
336 26 62
337 55 42
338 27 52
339 52 88
340 19 32
341 2 70
342 47 75
343 25 99
344 91 53
345 3 9
346 87 75
347 68 7
348 87 28
349 42 0
350 66 56
351 44 16
352 22 96
353 10 29
354 15 27
355 10 40
356 0 54
357 16 28
358 97 75
359 5 80
360 19 86
361 88 91
362 87 18
363 5 50
364 93 48
365 54 99
366 10 52
367 21 63
368 87 86
369 47 51
370 64 95
371 84 64
372 42 62
373 8 32
374 59 39
375 10 12
376 22 61
377 80 80
378 68 52
379 29 4
380 91 59
381 35 66
382 73 10
383 30 48
384 33 52
385 41 11
386 27 54
387 15 24
388 1 24
389 49 24
390 10 72
391 91 54
392 37 42
393 77 48
394 72 41
395 95 35
396 56 43
397 60 4
398 59 17
399 91 32
400 31 60
401 99 6
402 98 99
403 84 68
404 46 56
405 78 43
406 3 5
407 93 18
408 68 81
409 29 31
410 33 82
411 75 91
412 57 5
413 54 84
414 94 10
415 64 83
416 33 16
417 92 50
418 73 85
419 55 38
420 57 9
421 1 16
422 62 51
423 31 51
424 49 41
425 36 77
426 88 60
427 98 49
428 84 8
429 49 92
430 44 0
431 73 35
432 91 94
433 10 86
434 12 43
435 44 83
436 26 90
437 73 23
438 80 58
439 28 5
440 74 3
441 35 52
442 74 86
443 95 73
444 18 43
445 65 64
446 35 62
447 94 56
448 35 66
449 24 67
450 40 45
451 38 5
452 96 53
453 51 98
454 86 74
455 68 25
456 79 43
457 18 41
458 64 21
459 61 5
460 99 37
461 68 69
462 78 80
463 47 63
464 95 17
465 88 14
466 34 60
467 64 29
468 64 30
469 55 20
470 34 96
471 86 43
472 75 39
473 85 92
474 44 53
475 92 14
476 5 18
477 68 2
478 76 69
479 26 16
480 6 88
481 2 69
482 86 53
483 91 18
484 78 89
485 76 34
486 65 40
487 70 3
488 50 25
489 94 39
490 94 55
491 19 42
492 24 73
493 8 15
494 92 61
495 52 95
496 3 38
497 14 46
498 93 17
499 56 21
500 47 66
501 13 54
502 77 57
503 49 64
504 48 64
505 52 51
506 75 87
507 22 51
508 68 60
509 44 13
510 44 76
511 25 16
512 37 80
513 31 26
514 26 24
515 9 33
516 68 72
517 91 28
518 41 64
519 65 67
520 23 44
521 67 27
522 9 0
523 20 15
524 16 62
525 77 33
526 73 42
527 76 71
528 40 96
529 17 96
530 25 23
531 38 24
532 55 18
533 82 2
534 96 93
535 9 4
536 95 76
537 89 0
538 8 97
539 7 36
540 60 16
541 9 63
542 46 76
543 59 25
544 96 19
545 87 45
546 47 68
547 42 0
548 5 43
549 72 90
550 18 18
551 18 23
552 53 73
553 37 97
554 53 75
555 63 42
556 89 81
557 36 8
558 13 74
559 77 79
560 59 56
561 5 77
562 6 64
563 56 27
564 34 89
565 95 65
566 25 16
567 18 42
568 98 86
569 10 72
570 38 62
571 72 20
572 56 44
573 55 66
574 32 33
575 87 30
576 65 92
577 31 61
578 12 41
579 16 88
580 16 10
581 63 63
582 80 97
583 17 72
584 63 93
585 10 27
586 64 4
587 41 97
588 83 85
589 20 62
590 8 90
591 94 0
592 2 64
593 99 33
594 85 56
595 30 56
596 70 22
597 56 28
598 99 9
599 40 58
600 27 83
601 3 38
602 22 59
603 66 61
604 51 33
605 77 27
606 20 54
607 80 26
608 15 62
609 61 16
610 97 83
611 87 6
612 63 53
613 57 41
614 48 13
615 98 74
616 44 61
617 34 25
618 87 55
619 78 42
620 97 38
621 82 51
622 78 2
623 36 15
624 41 29
625 12 36
626 47 23
627 61 43
628 95 96
629 74 68
630 2 24
631 12 37
632 35 2
633 82 58
634 19 54
635 39 59
636 83 19
637 18 58
638 0 36
639 27 60
640 17 41
641 0 18
642 0 61
643 27 20
644 0 91
645 29 90
646 81 9
647 39 72
648 25 44
649 16 76
650 20 78
651 96 87
652 90 52
653 53 27
654 4 2
655 42 59
656 69 13
657 51 61
658 24 94
659 37 73
660 75 61
661 57 28
662 24 49
663 78 73
664 80 46
665 32 56
666 20 51
667 40 38
668 44 12
669 28 47
670 8 99
671 15 97
672 48 70
673 20 67
674 58 77
675 47 31
676 7 42
677 0 59
678 20 68
679 62 41
680 74 79
681 47 58
682 70 86
683 38 17
684 73 12
685 17 11
686 65 89
687 65 75
688 45 60
689 80 53
690 28 11
691 15 3
692 99 0
693 48 77
694 50 80
695 18 76
696 50 87
697 73 28
698 52 57
699 27 61
700 32 3
701 93 45
702 60 35
703 65 18
704 76 25
705 14 60
706 87 8
707 13 62
708 64 43
709 59 69
710 37 60
711 67 93
712 94 40
713 61 78
714 15 37
715 22 87
716 32 18
717 21 25
718 17 69
719 43 63
720 35 30
721 1 24
722 66 57
723 88 42
724 74 11
725 64 8
726 98 58
727 23 71
728 35 0
729 50 19
730 74 86
731 2 39
732 2 26
733 27 68
734 86 87
735 44 94
736 0 95
737 34 6
738 59 42
739 27 36
740 51 18
741 4 4
742 73 13
743 88 74
744 95 50
745 89 17
746 19 23
747 89 48
748 28 62
749 21 39
750 30 19
751 55 86
752 66 69
753 8 3
754 24 16
755 11 92
756 73 13
757 67 55
758 82 98
759 66 89
760 37 52
761 73 35
762 98 27
763 75 77
764 5 85
765 78 97
766 20 87
767 6 32
768 62 18
769 37 3
770 5 85
771 50 78
772 39 97
773 44 5
774 55 34
775 66 29
776 96 32
777 1 77
778 46 20
779 88 39
780 94 30
781 97 38
782 37 14
783 71 85
784 7 35
785 92 63
786 60 62
787 83 52
788 2 94
789 96 1
790 82 70
791 21 71
792 19 49
793 0 88
794 85 28
795 86 42
796 30 98
797 8 74
798 87 12
799 40 24
800 25 59
801 97 20
802 41 2
803 68 33
804 48 49
805 75 51
806 23 86
807 57 24
808 9 26
809 18 88
810 13 83
811 99 78
812 49 49
813 32 62
814 54 9
815 64 89
816 53 72
817 75 23
818 72 0
819 29 16
820 80 67
821 39 36
822 52 34
823 19 43
824 41 84
825 64 60
826 93 52
827 10 41
828 59 18
829 70 91
830 70 6
831 79 39
832 84 86
833 97 51
834 11 33
835 51 8
836 97 1
837 8 46
838 43 63
839 26 14
840 30 88
841 21 69
842 44 4
843 95 1
844 61 33
845 63 53
846 29 37
847 46 74
848 88 0
849 51 66
850 37 67
851 32 7
852 32 56
853 63 91
854 43 64
855 98 96
856 92 56
857 60 81
858 84 9
859 94 80
860 90 95
861 89 77
862 70 97
863 78 60
864 55 34
865 58 43
866 11 59
867 77 63
868 56 14
869 37 88
870 41 3
871 58 97
872 35 67
873 61 73
874 76 64
875 89 78
876 5 70
877 76 42
878 77 55
879 36 34
880 77 2
881 36 9
882 6 55
883 84 33
884 79 97
885 25 70
886 71 6
887 39 86
888 37 92
889 41 3
890 36 4
891 83 90
892 44 79
893 37 40
894 83 35
895 85 0
896 77 3
897 11 38
898 67 48
899 90 80
900 82 27
901 94 78
902 39 19
903 6 99
904 31 89
905 4 84
906 13 33
907 98 72
908 19 45
909 64 26
910 18 44
911 50 43
912 12 24
913 92 68
914 95 1
915 19 88
916 1 61
917 20 8
918 10 4
919 51 25
920 72 37
921 9 93
922 30 0
923 86 44
924 4 38
925 18 21
926 83 64
927 62 38
928 77 50
929 66 14
930 27 38
931 4 29
932 70 16
933 82 51
934 12 89
935 62 14
936 94 39
937 53 80
938 34 56
939 13 11
940 37 48
941 63 56
942 82 98
943 4 37
944 99 82
945 30 59
946 38 36
947 98 34
948 33 79
949 23 14
950 17 35
951 31 15
952 76 4
953 26 44
954 10 81
955 3 20
956 37 54
957 76 78
958 74 48
959 46 72
960 11 45
961 51 30
962 58 2
963 76 57
964 41 18
965 46 55
966 33 98
967 94 2
968 17 48
969 79 78
970 71 60
971 26 17
972 79 10
973 21 83
974 60 19
975 60 85
976 32 51
977 3 72
978 83 1
979 56 74
980 28 69
981 2 91
982 35 47
983 87 38
984 60 73
985 61 26
986 68 68
987 0 50
988 18 34
989 50 48
990 80 92
991 97 22
992 58 61
993 22 82
994 95 22
995 19 15
996 91 5
997 50 2
998 58 34
999 82 31
1000 22 83
1001 22 86
1002 57 34
1003 16 64
1004 50 52
1005 53 49
1006 50 8
1007 93 35
1008 71 80
1009 33 74
1010 24 5
1011 43 38
1012 54 45
1013 34 63
1014 17 98
1015 92 84
1016 51 18
1017 25 97
1018 70 10
1019 64 24
1020 44 58
1021 31 42
1022 69 70
1023 65 82
1024 11 15
1025 30 78
1026 1 8
1027 6 17
1028 39 84
1029 32 12
1030 99 52
1031 46 51
1032 60 68
1033 97 32
1034 82 95
1035 65 61
1036 15 8
1037 29 66
1038 73 0
1039 69 83
1040 80 51
1041 51 2
1042 68 14
1043 82 42
1044 11 8
1045 57 85
1046 77 51
1047 24 91
1048 11 80
1049 82 0
1050 72 32
1051 0 16
1052 49 68
1053 62 92
1054 79 40
1055 44 39
1056 15 48
1057 31 47
1058 1 43
1059 83 45
1060 85 55
1061 20 74
1062 37 79
1063 83 64
1064 83 37
1065 54 93
1066 17 68
1067 11 47
1068 51 35
1069 52 99
1070 52 90
1071 63 71
1072 64 18
1073 70 28
1074 19 77
1075 90 68
1076 96 36
1077 14 17
1078 12 25
1079 78 70
1080 85 98
1081 8 41
1082 85 50
1083 22 46
1084 37 84
1085 95 65
1086 90 84
1087 93 95
1088 91 49
1089 9 19
1090 8 54
1091 44 6
1092 46 86
1093 96 80
1094 53 94
1095 35 25
1096 57 82
1097 14 53
1098 81 21
1099 85 13
1100 96 24
1101 91 35
1102 81 25
1103 77 12
1104 42 19
1105 25 62
1106 15 59
1107 61 30
1108 53 2
1109 94 99
1110 54 41
1111 92 43
1112 48 70
1113 8 8
1114 69 39
1115 14 70
1116 64 96
1117 23 84
1118 63 8
1119 24 21
1120 8 84
1121 37 34
1122 68 73
1123 9 98
1124 20 84
1125 0 78
1126 26 86
1127 59 54
1128 32 47
1129 86 11
1130 16 69
1131 42 2
1132 5 55
1133 98 19
1134 35 77
1135 66 45
1136 77 72
1137 90 69
1138 3 57
1139 74 75
1140 60 10
1141 87 85
1142 39 35
1143 43 78
1144 36 68
1145 52 15
1146 22 13
1147 5 39
1148 41 34
1149 28 13
1150 74 90
1151 62 43
1152 17 55
1153 1 54
1154 95 89
1155 51 74
1156 73 11
1157 51 6
1158 81 56
1159 63 70
1160 12 20
1161 82 67
1162 24 50
1163 23 64
1164 67 50
1165 28 68
1166 28 61
1167 1 70
1168 47 43
1169 68 84
1170 34 89
1171 82 47
1172 17 78
1173 42 10
1174 62 98
1175 58 84
1176 71 58
1177 1 53
1178 7 95
1179 19 66
1180 32 36
1181 86 44
1182 61 82
1183 45 11
1184 10 81
1185 58 38
1186 88 78
1187 36 22
1188 37 35
1189 50 46
1190 7 12
1191 2 68
1192 92 43
1193 96 70
1194 60 47
1195 62 52
1196 24 1
1197 52 97
1198 2 38
1199 85 34
1200 32 31
1201 0 80
1202 40 20
1203 96 93
1204 22 78
1205 16 71
1206 44 72
1207 58 19
1208 34 17
1209 51 18
1210 86 75
1211 51 62
1212 18 5
1213 13 86
1214 26 38
1215 20 99
1216 50 16
1217 13 76
1218 11 21
1219 28 72
1220 47 3
1221 47 82
1222 31 91
1223 7 51
1224 42 32
1225 62 84
1226 86 67
1227 47 57
1228 80 37
1229 62 34
1230 6 9
1231 67 84
1232 57 16
1233 21 28
1234 59 82
1235 8 13
1236 89 79
1237 70 82
1238 27 68
1239 31 27
1240 97 62
1241 44 93
1242 75 35
1243 13 82
1244 68 55
1245 96 73
1246 58 93
1247 66 37
1248 36 63
1249 24 14
1250 70 79
1251 92 60
1252 23 49
1253 95 6
1254 96 64
1255 30 11
1256 6 35
1257 36 43
1258 65 73
1259 8 22
1260 2 38
1261 60 3
1262 86 35
1263 54 95
1264 13 33
1265 46 64
1266 44 17
1267 56 18
1268 70 84
1269 69 25
1270 39 7
1271 85 3
1272 25 84
1273 67 23
1274 57 22
1275 72 62
1276 54 2
1277 12 31
1278 18 88
1279 74 88
1280 94 0
1281 93 63
1282 18 66
1283 67 89
1284 78 17
1285 73 80
1286 4 82
1287 82 95
1288 52 56
1289 77 1
1290 67 31
1291 37 91
1292 60 84
1293 9 41
1294 4 25
1295 99 81
1296 10 80
1297 30 39
1298 14 22
1299 85 59
1300 17 78
1301 44 39
1302 48 91
1303 58 72
1304 19 16
1305 78 62
1306 11 72
1307 20 63
1308 62 1
1309 2 34
1310 57 25
1311 84 53
1312 17 91
1313 70 23
1314 51 42
1315 81 30
1316 71 18
1317 84 89
1318 87 98
1319 42 69
1320 25 37
1321 21 88
1322 46 37
1323 70 37
1324 59 67
1325 77 12
1326 19 50
1327 2 91
1328 94 90
1329 21 57
1330 20 34
1331 20 77
1332 35 48
1333 90 92
1334 88 31
1335 75 64
1336 59 33
1337 8 19
1338 3 95
1339 7 80
1340 21 33
1341 63 84
1342 65 69
1343 10 20
1344 15 92
1345 95 96
1346 76 85
1347 48 91
1348 16 44
1349 53 97
1350 47 77
1351 48 28
1352 91 12
1353 52 86
1354 42 82
1355 88 98
1356 83 41
1357 35 87
1358 71 36
1359 11 65
1360 38 69
1361 77 96
1362 35 79
1363 88 74
1364 85 17
1365 3 58
1366 42 9
1367 32 44
1368 84 34
1369 92 52
1370 16 24
1371 78 33
1372 4 96
1373 12 34
1374 49 61
1375 20 80
1376 32 87
1377 58 77
1378 0 52
1379 93 12
1380 24 77
1381 0 24
1382 79 29
1383 55 74
1384 9 91
1385 2 36
1386 44 59
1387 48 14
1388 91 43
1389 91 38
1390 66 54
1391 24 24
1392 97 22
1393 26 55
1394 50 55
1395 43 31
1396 41 79
1397 27 39
1398 23 53
1399 54 74
1400 41 38
1401 25 58
1402 58 83
1403 36 73
1404 38 44
1405 85 56
1406 60 54
1407 45 70
1408 52 76
1409 27 56
1410 3 0
1411 23 53
1412 47 70
1413 94 64
1414 31 9
1415 91 38
1416 89 17
1417 97 28
1418 28 66
1419 65 13
1420 86 52
1421 17 6
1422 70 87
1423 71 87
1424 34 57
1425 86 46
1426 25 98
1427 71 40
1428 15 71
1429 10 87
1430 89 72
1431 41 28
1432 53 47
1433 67 43
1434 56 17
1435 41 86
1436 11 14
1437 69 50
1438 82 17
1439 83 60
1440 99 6
1441 29 74
1442 23 44
1443 12 90
1444 45 56
1445 13 57
1446 55 77
1447 24 14
1448 11 88
1449 52 22
1450 19 27
1451 31 16
1452 15 99
1453 34 11
1454 28 20
1455 57 98
1456 88 50
1457 88 82
1458 42 67
1459 4 8
1460 34 76
1461 97 99
1462 4 84
1463 30 33
1464 89 54
1465 39 94
1466 64 60
1467 40 72
1468 75 13
1469 59 23
1470 9 1
1471 62 24
1472 99 15
1473 68 5
1474 89 41
1475 72 43
1476 84 44
1477 88 43
1478 29 31
1479 12 30
1480 69 1
1481 21 73
1482 81 63
1483 33 28
1484 9 15
1485 6 29
1486 7 80
1487 98 33
1488 14 73
1489 0 89
1490 16 24
1491 43 47
1492 82 95
1493 9 19
1494 71 97
1495 42 44
1496 0 29
1497 54 8
1498 79 88
1499 43 35
1500 81 40
1501 95 73
1502 35 43
1503 36 3
1504 45 55
1505 28 56
1506 30 23
1507 14 44
1508 57 73
1509 91 85
1510 54 14
1511 56 12
1512 73 61
1513 28 78
1514 25 89
1515 53 26
1516 29 65
1517 8 75
1518 29 69
1519 12 39
1520 59 6
1521 73 16
1522 68 86
1523 13 77
1524 14 10
1525 51 5
1526 96 57
1527 81 66
1528 84 83
1529 0 73
1530 14 57
1531 77 56
1532 1 2
1533 26 65
1534 15 38
1535 15 87
1536 61 51
1537 26 47
1538 40 39
1539 43 87
1540 48 51
1541 63 15
1542 38 47
1543 29 72
1544 84 41
1545 91 45
1546 69 38
1547 24 1
1548 28 17
1549 15 65
1550 59 48
1551 62 76
1552 94 63
1553 44 44
1554 30 33
1555 26 44
1556 40 13
1557 25 63
1558 94 61
1559 17 53
1560 73 53
1561 81 73
1562 46 70
1563 18 22
1564 27 25
1565 19 22
1566 24 77
1567 27 99
1568 88 86
1569 20 75
1570 3 84
1571 41 50
1572 14 47
1573 5 55
1574 13 61
1575 7 66
1576 0 61
1577 92 5
1578 66 88
1579 30 24
1580 45 22
1581 17 5
1582 13 3
1583 19 62
1584 86 25
1585 74 7
1586 41 41
1587 50 89
1588 11 30
1589 59 98
1590 65 62
1591 9 66
1592 17 53
1593 22 63
1594 85 21
1595 33 0
1596 56 95
1597 30 80
1598 66 36
1599 36 11
1600 27 42
1601 69 87
1602 86 99
1603 25 59
1604 10 2
1605 93 36
1606 29 31
1607 59 82
1608 12 51
1609 87 60
1610 81 56
1611 76 64
1612 92 73
1613 50 45
1614 11 69
1615 22 75
1616 93 47
1617 71 22
1618 92 21
1619 79 17
1620 27 63
1621 53 82
1622 27 96
1623 71 25
1624 36 47
1625 68 15
1626 48 76
1627 29 71
1628 66 4
1629 95 12
1630 49 79
1631 47 40
1632 80 18
1633 42 81
1634 60 37
1635 89 91
1636 71 69
1637 32 18
1638 2 93
1639 37 95
1640 2 25
1641 9 63
1642 1 7
1643 27 17
1644 18 99
1645 56 88
1646 26 67
1647 68 48
1648 15 13
1649 2 9
1650 54 90
1651 65 98
1652 57 76
1653 43 78
1654 43 11
1655 69 72
1656 66 99
1657 10 24
1658 70 83
1659 38 72
1660 91 24
1661 63 60
1662 81 1
1663 64 4
1664 1 84
1665 2 89
1666 90 28
1667 41 12
1668 59 10
1669 6 25
1670 63 48
1671 73 6
1672 30 83
1673 21 27
1674 56 44
1675 77 31
1676 74 29
1677 18 29
1678 26 4
1679 17 55
1680 12 39
1681 77 59
1682 8 79
1683 81 38
1684 58 97
1685 64 59
1686 77 13
1687 9 42
1688 51 56
1689 30 97
1690 80 37
1691 47 56
1692 6 71
1693 14 60
1694 10 11
1695 85 55
1696 93 51
1697 12 23
1698 70 14
1699 97 50
1700 2 82
1701 68 59
1702 80 18
1703 54 61
1704 20 75
1705 78 70
1706 74 19
1707 75 75
1708 92 20
1709 52 37
1710 65 20
1711 28 46
1712 12 8
1713 65 26
1714 0 85
1715 71 36
1716 58 79
1717 94 97
1718 68 88
1719 76 87
1720 16 52
1721 40 34
1722 33 15
1723 80 73
1724 75 37
1725 31 50
1726 61 60
1727 85 82
1728 54 21
1729 46 71
1730 52 28
1731 60 34
1732 3 42
1733 11 95
1734 25 77
1735 6 3
1736 43 64
1737 21 12
1738 79 93
1739 13 97
1740 27 91
1741 50 63
1742 54 21
1743 74 98
1744 93 12
1745 42 46
1746 41 5
1747 35 88
1748 91 5
1749 31 90
1750 3 85
1751 48 97
1752 30 27
1753 6 97
1754 39 73
1755 2 61
1756 8 49
1757 43 61
1758 78 97
1759 80 82
1760 67 12
1761 1 12
1762 35 60
1763 62 38
1764 29 32
1765 20 73
1766 62 22
1767 93 41
1768 42 52
1769 32 26
1770 15 77
1771 59 20
1772 10 81
1773 38 92
1774 62 74
1775 9 94
1776 25 48
1777 23 91
1778 84 36
1779 62 70
1780 65 68
1781 67 6
1782 53 28
1783 99 85
1784 56 1
1785 18 25
1786 64 53
1787 66 90
1788 53 81
1789 2 53
1790 21 69
1791 76 55
1792 23 25
1793 48 13
1794 99 2
1795 57 6
1796 89 62
1797 60 47
1798 9 53
1799 66 81
1800 81 53
1801 36 60
1802 56 83
1803 29 71
1804 81 32
1805 37 3
1806 34 9
1807 48 95
1808 92 12
1809 83 27
1810 80 86
1811 85 53
1812 44 11
1813 36 2
1814 93 19
1815 81 0
1816 14 20
1817 71 68
1818 33 15
1819 99 39
1820 96 76
1821 31 66
1822 64 54
1823 72 80
1824 13 64
1825 54 97
1826 70 38
1827 1 95
1828 67 82
1829 16 44
1830 47 26
1831 78 62
1832 51 37
1833 88 13
1834 37 80
1835 62 76
1836 12 43
1837 31 3
1838 55 18
1839 89 89
1840 38 56
1841 89 28
1842 64 84
1843 30 75
1844 18 76
1845 0 51
1846 98 54
1847 91 69
1848 98 69
1849 14 26
1850 65 58
1851 42 33
1852 2 78
1853 84 26
1854 7 97
1855 40 48
1856 92 26
1857 5 91
1858 37 49
1859 97 67
1860 7 12
1861 94 60
1862 79 10
1863 78 58
1864 52 61
1865 5 85
1866 3 62
1867 24 80
1868 13 55
1869 26 86
1870 99 4
1871 68 20
1872 35 52
1873 58 71
1874 49 0
1875 32 48
1876 72 47
1877 19 53
1878 64 81
1879 54 91
1880 99 26
1881 73 45
1882 92 54
1883 44 29
1884 2 25
1885 77 81
1886 23 10
1887 67 3
1888 44 73
1889 25 26
1890 51 6
1891 8 52
1892 29 56
1893 13 56
1894 43 71
1895 16 31
1896 1 34
1897 87 73
1898 30 22
1899 28 81
1900 7 29
1901 69 23
1902 22 50
1903 25 61
1904 79 15
1905 8 90
1906 56 27
1907 39 92
1908 17 21
1909 15 36
1910 40 88
1911 86 31
1912 9 46
1913 80 88
1914 22 93
1915 73 21
1916 45 43
1917 19 22
1918 37 84
1919 29 79
1920 30 51
1921 76 28
1922 62 26
1923 74 73
1924 94 94
1925 56 8
1926 6 92
1927 40 19
1928 43 37
1929 14 76
1930 69 37
1931 39 85
1932 42 86
1933 44 12
1934 8 17
1935 55 32
1936 92 36
1937 5 89
1938 11 58
1939 68 83
1940 71 7
1941 93 28
1942 36 64
1943 15 53
1944 3 99
1945 79 0
1946 70 53
1947 10 93
1948 12 91
1949 85 75
1950 81 61
1951 64 77
1952 39 24
1953 16 70
1954 86 51
1955 8 85
1956 68 31
1957 4 61
1958 43 10
1959 49 77
1960 71 90
1961 9 8
1962 37 54
1963 62 38
1964 25 11
1965 76 20
1966 72 93
1967 1 10
1968 42 16
1969 88 12
1970 48 44
1971 67 52
1972 91 94
1973 31 39
1974 49 48
1975 50 1
1976 41 7
1977 3 91
1978 52 56
1979 40 84
1980 62 77
1981 44 74
1982 74 87
1983 12 75
1984 29 94
1985 18 27
1986 21 36
1987 29 26
1988 23 57
1989 16 42
1990 23 22
1991 89 76
1992 61 74
1993 78 64
1994 89 10
1995 57 86
1996 76 4
1997 50 70
1998 0 92
1999 77 3
2000 82 55
2001 9 55
2002 30 23
2003 79 5
2004 77 76
2005 68 94
2006 39 97
2007 61 39
2008 88 67
2009 13 0
2010 9 47
2011 85 19
2012 36 32
2013 50 17
2014 86 59
2015 26 31
2016 80 12
2017 60 67
2018 13 34
2019 46 38
2020 94 72
2021 87 12
2022 42 62
2023 46 78
2024 43 10
2025 81 32
2026 78 76
2027 94 34
2028 70 89
2029 19 97
2030 72 62
2031 19 18
2032 50 36
2033 14 27
2034 36 93
2035 25 54
2036 20 75
2037 5 37
2038 60 72
2039 77 73
2040 85 71
2041 74 75
2042 77 93
2043 52 3
2044 18 26
2045 97 24
2046 15 49
2047 65 32
2048 53 68
2049 62 5
2050 48 19
2051 42 49
2052 85 27
2053 11 2
2054 71 56
2055 73 97
2056 11 45
2057 11 0
2058 88 44
2059 40 56
2060 84 11
2061 8 10
2062 95 0
2063 39 71
2064 9 73
2065 83 91
2066 10 72
2067 25 66
2068 29 24
2069 89 50
2070 81 49
2071 32 61
2072 52 0
2073 13 69
2074 37 65
2075 44 9
2076 28 5
2077 21 36
2078 10 32
2079 54 84
2080 87 39
2081 93 97
2082 73 82
2083 87 38
2084 20 45
2085 70 63
2086 54 89
2087 74 34
2088 79 46
2089 57 95
2090 87 70
2091 34 44
2092 29 74
2093 63 4
2094 51 88
2095 55 97
2096 70 5
2097 62 41
2098 56 34
2099 88 70
2100 12 74
2101 48 92
2102 94 80
2103 54 38
2104 30 86
2105 57 63
2106 74 58
2107 97 17
2108 5 48
2109 68 98
2110 18 82
2111 87 31
2112 89 73
2113 93 49
2114 27 33
2115 77 44
2116 58 87
2117 83 12
2118 21 42
2119 49 48
2120 20 24
2121 73 64
2122 31 91
2123 23 12
2124 7 44
2125 36 7
2126 66 90
2127 51 29
2128 87 17
2129 2 21
2130 87 5
2131 11 97
2132 9 12
2133 5 86
2134 75 84
2135 96 63
2136 99 19
2137 78 94
2138 9 22
2139 0 97
2140 49 81
2141 41 82
2142 96 69
2143 78 67
2144 36 53
2145 25 4
2146 39 27
2147 61 14
2148 12 75
2149 55 18
2150 86 36
2151 36 23
2152 47 73
2153 7 46
2154 12 56
2155 20 65
2156 16 5
2157 71 6
2158 64 28
2159 0 39
2160 34 37
2161 50 21
2162 58 92
2163 23 72
2164 58 63
2165 81 33
2166 66 81
2167 11 13
2168 44 17
2169 34 23
2170 62 31
2171 55 79
2172 32 59
2173 87 34
2174 55 55
2175 50 83
2176 75 16
2177 83 48
2178 85 15
2179 64 55
2180 49 35
2181 87 48
2182 74 86
2183 99 34
2184 93 58
2185 61 46
2186 94 77
2187 77 2
2188 82 71
2189 88 99
2190 4 89
2191 16 3
2192 12 97
2193 58 49
2194 98 63
2195 27 29
2196 53 79
2197 73 26
2198 43 6
2199 4 46
2200 60 53
2201 40 97
2202 93 4
2203 89 97
2204 39 81
2205 65 14
2206 26 65
2207 50 60
2208 19 84
2209 35 76
2210 27 49
2211 36 30
2212 30 32
2213 93 15
2214 3 50
2215 58 75
2216 66 42
2217 38 51
2218 49 18
2219 10 8
2220 8 60
2221 10 16
2222 97 12
2223 2 87
2224 28 13
2225 6 59
2226 71 27
2227 18 11
2228 16 9
2229 66 60
2230 10 74
2231 94 88
2232 22 90
2233 48 83
2234 27 99
2235 10 0
2236 74 26
2237 68 66
2238 39 19
2239 32 18
2240 29 5
2241 86 89
2242 44 99
2243 4 38
2244 24 26
2245 34 39
2246 52 49
2247 98 33
2248 66 21
2249 94 7
2250 64 19
2251 60 29
2252 3 5
2253 85 44
2254 59 51
2255 72 97
2256 77 48
2257 31 4
2258 87 5
2259 44 23
2260 86 9
2261 59 0
2262 64 71
2263 48 24
2264 28 34
2265 0 17
2266 24 25
2267 54 10
2268 45 57
2269 86 38
2270 13 60
2271 79 72
2272 54 37
2273 62 3
2274 18 93
2275 46 61
2276 77 71
2277 20 54
2278 59 59
2279 65 31
2280 56 60
2281 15 24
2282 50 54
2283 72 51
2284 94 20
2285 58 30
2286 18 5
2287 9 26
2288 30 86
2289 45 26
2290 9 44
2291 6 35
2292 88 39
2293 40 53
2294 4 99
2295 50 86
2296 92 54
2297 81 53
2298 44 54
2299 21 0
2300 65 10
2301 9 97
2302 34 15
2303 42 71
2304 62 94
2305 23 72
2306 13 38
2307 22 12
2308 54 79
2309 36 11
2310 13 18
2311 46 94
2312 70 72
2313 38 64
2314 23 56
2315 81 75
2316 65 45
2317 60 98
2318 34 9
2319 1 72
2320 97 69
2321 91 9
2322 75 77
2323 72 53
2324 32 69
2325 99 64
2326 18 10
2327 86 47
2328 63 15
2329 26 62
2330 77 77
2331 47 6
2332 13 48
2333 7 68
2334 77 23
2335 77 44
2336 78 63
2337 13 44
2338 27 36
2339 18 93
2340 99 84
2341 31 54
2342 56 16
2343 57 55
2344 58 13
2345 35 19
2346 82 39
2347 95 19
2348 21 85
2349 96 27
2350 69 4
2351 75 9
2352 92 54
2353 86 55
2354 96 42
2355 19 26
2356 96 33
2357 62 92
2358 46 93
2359 49 96
2360 90 52
2361 9 64
2362 87 57
2363 62 39
2364 67 94
2365 23 42
2366 40 91
2367 23 95
2368 9 22
2369 62 2
2370 30 2
2371 58 16
2372 93 8
2373 23 48
2374 76 2
2375 73 28
2376 35 99
2377 37 17
2378 94 11
2379 21 34
2380 91 46
2381 87 2
2382 18 77
2383 86 5
2384 10 67
2385 83 23
2386 30 46
2387 66 88
2388 93 92
2389 70 79
2390 34 14
2391 62 64
2392 20 94
2393 6 40
2394 53 6
2395 0 98
2396 0 27
2397 11 83
2398 14 56
2399 97 16
2400 22 18
2401 38 9
2402 19 49
2403 97 88
2404 33 49
2405 23 2
2406 40 42
2407 0 76
2408 83 23
2409 81 24
2410 70 45
2411 51 4
2412 66 85
2413 22 3
2414 35 82
2415 73 37
2416 94 53
2417 57 16
2418 76 53
2419 45 71
2420 97 17
2421 7 4
2422 82 98
2423 57 58
2424 26 34
2425 0 91
2426 74 73
2427 45 76
2428 66 33
2429 43 34
2430 26 93
2431 52 50
2432 75 85
2433 7 86
2434 84 84
2435 0 30
2436 78 10
2437 26 53
2438 38 46
2439 21 68
2440 28 63
2441 76 1
2442 82 81
2443 63 21
2444 8 80
2445 49 42
2446 10 10
2447 44 3
2448 64 57
2449 29 97
2450 90 70
2451 74 42
2452 34 69
2453 13 64
2454 46 92
2455 37 20
2456 12 74
2457 6 62
2458 17 51
2459 67 93
2460 22 85
2461 78 4
2462 35 57
2463 20 67
2464 65 23
2465 88 81
2466 17 24
2467 77 57
2468 89 34
2469 67 12
2470 68 98
2471 74 16
2472 43 28
2473 30 35
2474 4 82
2475 86 13
2476 89 35
2477 74 5
2478 91 70
2479 7 76
2480 49 46
2481 99 23
2482 3 56
2483 3 88
2484 96 48
2485 72 82
2486 83 54
2487 25 24
2488 10 62
2489 61 6
2490 27 84
2491 62 82
2492 37 74
2493 92 81
2494 49 72
2495 65 19
2496 27 90
2497 63 22
2498 98 51
2499 12 86
2500 25 42
2501 38 56
2502 9 3
2503 29 34
2504 10 50
2505 94 29
2506 9 0
2507 49 64
2508 83 17
2509 85 28
2510 64 22
2511 38 24
2512 82 52
2513 55 93
2514 91 3
2515 25 59
2516 50 74
2517 80 84
2518 45 6
2519 72 33
2520 45 57
2521 70 99
2522 78 36
2523 10 26
2524 41 98
2525 38 81
2526 65 83
2527 22 3
2528 3 14
2529 73 57
2530 48 36
2531 43 7
2532 25 34
2533 79 34
2534 20 64
2535 19 76
2536 44 51
2537 83 6
2538 51 39
2539 46 46
2540 41 28
2541 51 92
2542 64 43
2543 93 66
2544 52 77
2545 81 31
2546 33 15
2547 85 9
2548 13 63
2549 73 43
2550 57 76
2551 6 77
2552 79 62
2553 37 14
2554 0 15
2555 52 64
2556 67 27
2557 15 19
2558 84 50
2559 43 81
2560 41 12
2561 82 43
2562 83 87
2563 43 29
2564 65 74
2565 92 88
2566 65 3
2567 89 65
2568 21 74
2569 13 2
2570 6 79
2571 66 36
2572 24 16
2573 63 6
2574 99 66
2575 24 63
2576 19 92
2577 1 44
2578 93 63
2579 93 91
2580 18 7
2581 48 25
2582 22 63
2583 99 64
2584 38 50
2585 97 10
2586 37 41
2587 75 62
2588 46 45
2589 18 67
2590 24 37
2591 30 99
2592 50 29
2593 68 72
2594 1 44
2595 71 58
2596 80 21
2597 83 98
2598 30 40
2599 14 60
2600 16 99
2601 67 48
2602 68 13
2603 25 78
2604 17 39
2605 98 48
2606 45 26
2607 67 81
2608 77 48
2609 75 92
2610 95 26
2611 62 93
2612 79 39
2613 29 16
2614 57 76
2615 31 5
2616 31 57
2617 50 24
2618 69 81
2619 31 36
2620 4 89
2621 55 62
2622 46 23
2623 12 54
2624 53 1
2625 21 82
2626 65 21
2627 65 89
2628 36 74
2629 69 28
2630 84 8
2631 20 41
2632 7 92
2633 16 88
2634 76 42
2635 12 96
2636 16 38
2637 87 5
2638 71 99
2639 47 55
2640 26 75
2641 63 56
2642 54 49
2643 39 9
2644 91 60
2645 88 95
2646 11 3
2647 52 96
2648 69 14
2649 55 53
2650 6 24
2651 78 10
2652 89 24
2653 65 26
2654 33 59
2655 18 36
2656 26 14
2657 1 9
2658 45 64
2659 86 58
2660 53 7
2661 96 15
2662 54 16
2663 85 13
2664 86 91
2665 36 56
2666 44 93
2667 49 2
2668 96 52
2669 66 30
2670 83 13
2671 75 31
2672 41 51
2673 68 97
2674 1 43
2675 51 5
2676 28 97
2677 0 99
2678 27 62
2679 56 72
2680 39 52
2681 40 42
2682 23 61
2683 92 33
2684 64 99
2685 12 92
2686 97 55
2687 75 40
2688 31 65
2689 74 2
2690 48 88
2691 12 43
2692 40 31
2693 28 47
2694 93 50
2695 74 34
2696 96 93
2697 90 30
2698 72 33
2699 8 79
2700 59 35
2701 32 1
2702 31 58
2703 7 72
2704 21 60
2705 68 62
2706 87 53
2707 24 51
2708 39 96
2709 1 92
2710 33 44
2711 39 14
2712 25 77
2713 96 3
2714 64 44
2715 67 97
2716 56 94
2717 43 12
2718 55 10
2719 12 82
2720 23 56
2721 25 33
2722 81 11
2723 47 43
2724 69 39
2725 90 75
2726 31 15
2727 46 15
2728 95 18
2729 76 53
2730 61 3
2731 7 77
2732 93 70
2733 5 93
2734 10 11
2735 95 28
2736 84 19
2737 68 77
2738 18 6
2739 32 13
2740 30 53
2741 34 25
2742 53 91
2743 65 41
2744 47 27
2745 17 37
2746 34 58
2747 20 19
2748 48 48
2749 40 11
2750 6 53
2751 32 57
2752 44 61
2753 91 12
2754 47 69
2755 96 88
2756 85 63
2757 23 8
2758 69 82
2759 23 1
2760 5 64
2761 45 82
2762 94 57
2763 94 26
2764 99 48
2765 28 69
2766 66 21
2767 7 76
2768 20 77
2769 80 92
2770 99 53
2771 94 78
2772 31 28
2773 51 71
2774 35 11
2775 50 66
2776 25 38
2777 6 41
2778 8 50
2779 63 86
2780 67 65
2781 12 98
2782 40 26
2783 22 64
2784 56 46
2785 88 92
2786 1 31
2787 1 51
2788 70 66
2789 51 65
2790 5 23
2791 91 87
2792 98 62
2793 44 28
2794 15 65
2795 68 69
2796 13 94
2797 24 34
2798 41 95
2799 38 4
2800 6 87
2801 14 88
2802 23 57
2803 64 94
2804 36 54
2805 71 41
2806 99 97
2807 80 43
2808 73 25
2809 99 77
2810 82 94
2811 49 90
2812 78 18
2813 78 7
2814 6 67
2815 10 74
2816 28 47
2817 59 18
2818 8 3
2819 63 40
2820 98 49
2821 91 60
2822 94 26
2823 70 16
2824 13 81
2825 60 15
2826 96 60
2827 21 11
2828 38 24
2829 9 5
2830 79 56
2831 88 69
2832 44 96
2833 13 52
2834 37 62
2835 34 70
2836 61 59
2837 79 33
2838 2 88
2839 96 52
2840 47 61
2841 94 24
2842 6 94
2843 78 68
2844 25 48
2845 79 84
2846 94 57
2847 61 41
2848 61 22
2849 15 97
2850 13 18
2851 78 50
2852 46 89
2853 54 36
2854 80 88
2855 8 49
2856 27 56
2857 58 17
2858 62 63
2859 62 50
2860 17 44
2861 26 89
2862 82 49
2863 76 3
2864 98 37
2865 71 80
2866 72 98
2867 39 29
2868 83 43
2869 78 16
2870 40 41
2871 87 37
2872 39 30
2873 57 37
2874 99 43
2875 79 97
2876 59 65
2877 80 68
2878 91 88
2879 67 96
2880 13 50
2881 38 42
2882 16 28
2883 76 29
2884 17 29
2885 34 18
2886 85 46
2887 9 76
2888 57 89
2889 50 52
2890 92 39
2891 3 54
2892 58 74
2893 20 7
2894 18 70
2895 37 94
2896 75 81
2897 3 89
2898 2 44
2899 21 10
2900 53 27
2901 20 70
2902 8 60
2903 12 13
2904 56 3
2905 11 2
2906 38 15
2907 4 73
2908 46 84
2909 84 42
2910 7 69
2911 11 46
2912 91 40
2913 42 3
2914 43 20
2915 73 12
2916 68 40
2917 98 64
2918 18 32
2919 45 98
2920 61 7
2921 51 14
2922 59 34
2923 55 60
2924 77 29
2925 42 18
2926 60 78
2927 2 84
2928 16 74
2929 78 68
2930 17 8
2931 69 35
2932 30 98
2933 34 98
2934 16 39
2935 54 14
2936 38 85
2937 80 0
2938 18 96
2939 86 57
2940 84 82
2941 26 14
2942 77 54
2943 52 89
2944 37 14
2945 48 44
2946 53 77
2947 80 52
2948 37 15
2949 83 61
2950 99 57
2951 43 38
2952 74 28
2953 79 74
2954 97 2
2955 65 20
2956 88 21
2957 83 35
2958 82 55
2959 58 76
2960 46 45
2961 60 2
2962 91 10
2963 60 61
2964 5 28
2965 62 3
2966 13 24
2967 58 27
2968 38 88
2969 39 49
2970 74 77
2971 91 35
2972 48 27
2973 56 32
2974 93 44
2975 70 82
2976 57 7
2977 15 53
2978 97 40
2979 46 64
2980 68 18
2981 68 69
2982 39 62
2983 7 63
2984 62 56
2985 96 93
2986 15 8
2987 1 68
2988 53 25
2989 54 63
2990 53 27
2991 68 61
2992 58 79
2993 45 5
2994 9 4
2995 29 98
2996 41 75
2997 81 56
2998 8 22
2999 95 85
3000 20 93
3001 70 36
3002 47 76
3003 66 48
3004 6 46
3005 99 72
3006 86 83
3007 10 40
3008 50 7
3009 10 59
3010 17 1
3011 54 57
3012 26 98
3013 52 40
3014 27 44
3015 59 31
3016 29 68
3017 42 60
3018 57 31
3019 13 82
3020 13 97
3021 99 62
3022 4 57
3023 11 57
3024 64 40
3025 6 1
3026 11 36
3027 68 19
3028 39 12
3029 9 48
3030 23 26
3031 20 61
3032 86 68
3033 42 17
3034 41 50
3035 83 18
3036 94 28
3037 46 19
3038 2 91
3039 53 68
3040 87 94
3041 75 87
3042 38 58
3043 20 93
3044 0 22
3045 20 45
3046 21 64
3047 58 87
3048 77 37
3049 75 36
3050 15 93
3051 16 14
3052 56 87
3053 6 82
3054 89 48
3055 17 47
3056 59 41
3057 61 29
3058 50 32
3059 23 27
3060 48 49
3061 17 18
3062 29 38
3063 97 29
3064 70 59
3065 42 64
3066 15 16
3067 53 93
3068 78 60
3069 30 50
3070 51 37
3071 3 51
3072 5 73
3073 86 80
3074 2 29
3075 36 44
3076 14 47
3077 88 65
3078 76 97
3079 85 18
3080 90 77
3081 11 30
3082 6 53
3083 31 42
3084 87 68
3085 50 89
3086 1 72
3087 75 10
3088 45 65
3089 13 56
3090 52 16
3091 26 41
3092 23 97
3093 49 68
3094 28 88
3095 16 81
3096 75 12
3097 60 74
3098 25 73
3099 44 52
3100 41 43
3101 93 34
3102 78 46
3103 42 42
3104 71 77
3105 19 10
3106 84 29
3107 65 73
3108 50 70
3109 6 9
3110 4 63
3111 13 99
3112 51 69
3113 14 89
3114 11 1
3115 85 72
3116 21 60
3117 14 8
3118 23 92
3119 62 77
3120 54 6
3121 96 51
3122 68 5
3123 96 46
3124 46 86
3125 23 55
3126 66 35
3127 48 77
3128 29 94
3129 82 9
3130 32 53
3131 30 70
3132 92 47
3133 89 23
3134 14 57
3135 50 57
3136 7 29
3137 54 97
3138 67 62
3139 30 46
3140 72 67
3141 42 25
3142 77 29
3143 5 85
3144 12 36
3145 79 29
3146 10 53
3147 44 1
3148 75 25
3149 58 21
3150 16 72
3151 32 89
3152 36 66
3153 48 36
3154 80 50
3155 10 66
3156 63 35
3157 37 64
3158 11 5
3159 92 62
3160 41 3
3161 11 77
3162 77 20
3163 47 53
3164 84 53
3165 21 41
3166 3 9
3167 30 99
3168 35 52
3169 88 11
3170 81 69
3171 4 61
3172 26 12
3173 65 74
3174 16 80
3175 89 70
3176 32 96
3177 79 12
3178 61 54
3179 11 16
3180 18 94
3181 51 27
3182 29 68
3183 62 54
3184 5 37
3185 29 58
3186 16 81
3187 81 72
3188 98 50
3189 51 65
3190 54 72
3191 37 4
3192 63 51
3193 9 7
3194 29 18
3195 38 81
3196 40 72
3197 92 86
3198 17 77
3199 32 58
3200 49 11
3201 69 78
3202 51 31
3203 53 51
3204 15 7
3205 13 11
3206 3 46
3207 61 46
3208 56 47
3209 64 77
3210 59 55
3211 24 87
3212 99 48
3213 17 44
3214 89 94
3215 54 21
3216 17 93
3217 16 43
3218 3 59
3219 53 32
3220 97 58
3221 92 22
3222 4 26
3223 78 94
3224 11 46
3225 29 70
3226 13 54
3227 98 94
3228 86 81
3229 79 3
3230 13 9
3231 61 20
3232 52 91
3233 93 9
3234 30 18
3235 42 97
3236 94 31
3237 80 1
3238 62 2
3239 82 72
3240 69 22
3241 32 43
3242 65 84
3243 8 63
3244 94 21
3245 56 21
3246 80 49
3247 18 88
3248 96 72
3249 69 13
3250 33 68
3251 64 93
3252 3 31
3253 75 81
3254 74 97
3255 31 84
3256 98 6
3257 33 90
3258 76 18
3259 55 67
3260 83 30
3261 15 8
3262 61 21
3263 17 44
3264 13 91
3265 5 90
3266 32 69
3267 38 1
3268 58 39
3269 40 33
3270 8 27
3271 89 96
3272 90 72
3273 23 73
3274 16 27
3275 11 77
3276 17 2
3277 30 3
3278 52 56
3279 31 82
3280 13 31
3281 67 82
3282 92 40
3283 51 29
3284 67 31
3285 32 36
3286 78 21
3287 58 55
3288 41 18
3289 17 89
3290 97 44
3291 28 85
3292 80 27
3293 73 30
3294 39 35
3295 49 1
3296 8 57
3297 19 77
3298 59 6
3299 4 50
3300 20 93
3301 5 84
3302 95 75
3303 98 95
3304 43 74
3305 62 34
3306 38 41
3307 84 69
3308 2 81
3309 2 64
3310 66 21
3311 89 32
3312 82 30
3313 28 20
3314 2 81
3315 95 34
3316 13 67
3317 69 3
3318 38 43
3319 90 4
3320 28 78
3321 87 65
3322 73 15
3323 63 66
3324 73 50
3325 74 77
3326 4 40
3327 83 99
3328 4 73
3329 2 64
3330 47 78
3331 93 61
3332 78 27
3333 20 70
3334 72 80
3335 30 59
3336 91 97
3337 35 88
3338 34 24
3339 58 67
3340 67 61
3341 46 51
3342 6 18
3343 30 73
3344 84 70
3345 99 64
3346 41 26
3347 57 50
3348 85 25
3349 86 45
3350 94 92
3351 94 93
3352 19 15
3353 86 6
3354 4 94
3355 64 79
3356 15 34
3357 96 85
3358 31 41
3359 54 60
3360 97 46
3361 86 2
3362 80 66
3363 17 64
3364 39 85
3365 3 9
3366 37 13
3367 72 75
3368 67 53
3369 32 91
3370 31 24
3371 69 90
3372 5 19
3373 49 6
3374 29 72
3375 18 44
3376 70 26
3377 47 48
3378 5 91
3379 12 52
3380 98 22
3381 66 18
3382 91 55
3383 42 1
3384 62 21
3385 18 78
3386 8 63
3387 28 73
3388 76 96
3389 96 61
3390 16 10
3391 35 67
3392 67 59
3393 39 11
3394 66 24
3395 69 75
3396 40 79
3397 93 9
3398 57 51
3399 98 49
3400 77 48
3401 44 7
3402 53 40
3403 35 6
3404 97 74
3405 71 9
3406 95 51
3407 35 87
3408 87 98
3409 51 31
3410 16 31
3411 35 38
3412 52 43
3413 38 29
3414 70 19
3415 15 25
3416 97 46
3417 83 68
3418 65 27
3419 14 26
3420 23 32
3421 13 91
3422 52 59
3423 80 88
3424 43 5
3425 21 59
3426 99 66
3427 33 46
3428 13 6
3429 54 10
3430 1 5
3431 36 78
3432 58 45
3433 12 48
3434 68 67
3435 22 59
3436 84 24
3437 7 84
3438 17 43
3439 85 93
3440 63 50
3441 85 64
3442 97 56
3443 25 30
3444 13 37
3445 55 59
3446 72 3
3447 25 18
3448 95 35
3449 33 7
3450 46 31
3451 20 76
3452 83 62
3453 74 75
3454 59 49
3455 28 69
3456 21 61
3457 47 51
3458 20 71
3459 80 1
3460 20 82
3461 35 30
3462 11 62
3463 87 80
3464 99 89
3465 88 82
3466 9 78
3467 46 31
3468 30 9
3469 81 35
3470 82 50
3471 71 64
3472 9 85
3473 37 11
3474 56 73
3475 97 23
3476 54 32
3477 86 64
3478 96 89
3479 64 20
3480 74 93
3481 76 69
3482 60 45
3483 60 43
3484 14 15
3485 21 10
3486 90 44
3487 19 70
3488 10 70
3489 21 25
3490 25 75
3491 24 25
3492 91 64
3493 27 77
3494 91 82
3495 34 40
3496 44 60
3497 60 88
3498 74 2
3499 3 63
3500 25 94
3501 96 40
3502 51 87
3503 33 10
3504 13 16
3505 53 25
3506 68 38
3507 95 98
3508 69 50
3509 77 96
3510 18 83
3511 52 32
3512 80 81
3513 65 30
3514 84 30
3515 95 8
3516 67 57
3517 0 30
3518 79 84
3519 74 4
3520 31 17
3521 64 74
3522 28 9
3523 71 5
3524 65 61
3525 19 24
3526 24 7
3527 45 42
3528 42 64
3529 59 70
3530 21 3
3531 25 82
3532 20 44
3533 58 10
3534 38 64
3535 19 84
3536 75 72
3537 64 0
3538 19 78
3539 4 71
3540 9 60
3541 64 22
3542 11 71
3543 83 60
3544 12 58
3545 88 14
3546 25 3
3547 83 28
3548 91 81
3549 53 83
3550 51 60
3551 67 0
3552 41 34
3553 48 52
3554 42 44
3555 22 63
3556 60 87
3557 61 61
3558 38 3
3559 70 49
3560 60 97
3561 98 79
3562 75 5
3563 59 72
3564 89 36
3565 9 37
3566 24 20
3567 20 48
3568 92 64
3569 80 76
3570 23 31
3571 18 68
3572 35 24
3573 54 37
3574 41 22
3575 90 88
3576 10 4
3577 22 53
3578 62 87
3579 24 36
3580 75 75
3581 62 5
3582 34 85
3583 39 39
3584 66 13
3585 68 74
3586 22 94
3587 25 29
3588 79 29
3589 44 50
3590 50 21
3591 31 67
3592 46 21
3593 26 20
3594 97 66
3595 85 5
3596 39 44
3597 0 48
3598 68 12
3599 33 49
3600 85 14
3601 71 28
3602 53 16
3603 65 16
3604 79 93
3605 74 32
3606 43 74
3607 85 54
3608 44 95
3609 59 13
3610 59 18
3611 42 99
3612 27 62
3613 34 78
3614 93 76
3615 60 66
3616 95 94
3617 65 36
3618 50 2
3619 13 30
3620 56 10
3621 41 4
3622 92 52
3623 62 65
3624 58 45
3625 4 73
3626 52 20
3627 90 66
3628 72 71
3629 0 90
3630 81 86
3631 22 2
3632 32 7
3633 37 48
3634 8 49
3635 4 41
3636 81 29
3637 57 49
3638 77 37
3639 7 75
3640 0 69
3641 20 48
3642 72 86
3643 14 75
3644 4 98
3645 63 78
3646 2 22
3647 48 69
3648 87 39
3649 71 84
3650 15 13
3651 56 8
3652 41 62
3653 92 22
3654 63 41
3655 88 34
3656 63 25
3657 90 11
3658 66 74
3659 29 46
3660 93 61
3661 44 9
3662 85 25
3663 38 58
3664 80 87
3665 61 38
3666 65 22
3667 59 86
3668 12 11
3669 6 10
3670 94 91
3671 11 62
3672 9 28
3673 15 77
3674 32 36
3675 2 13
3676 9 25
3677 91 53
3678 69 46
3679 22 15
3680 23 33
3681 41 75
3682 79 50
3683 68 40
3684 65 3
3685 99 55
3686 67 19
3687 51 1
3688 50 81
3689 99 56
3690 10 61
3691 26 44
3692 85 48
3693 28 40
3694 30 6
3695 17 65
3696 88 91
3697 86 61
3698 49 35
3699 83 59
3700 59 74
3701 11 28
3702 37 47
3703 45 90
3704 74 90
3705 3 88
3706 46 66
3707 5 62
3708 6 97
3709 90 30
3710 21 28
3711 9 59
3712 86 33
3713 66 76
3714 32 89
3715 51 14
3716 98 40
3717 97 35
3718 49 97
3719 6 37
3720 3 37
3721 65 40
3722 2 28
3723 19 22
3724 85 24
3725 54 51
3726 44 52
3727 37 31
3728 64 52
3729 41 4
3730 80 68
3731 58 84
3732 38 88
3733 90 6
3734 68 69
3735 12 9
3736 90 53
3737 27 84
3738 62 69
3739 56 57
3740 14 44
3741 90 8
3742 35 99
3743 70 45
3744 2 65
3745 70 97
3746 56 2
3747 56 34
3748 79 81
3749 1 14
3750 38 12
3751 53 16
3752 12 45
3753 60 91
3754 25 53
3755 68 95
3756 96 83
3757 90 36
3758 78 50
3759 49 38
3760 17 44
3761 3 3
3762 98 15
3763 52 88
3764 96 92
3765 4 81
3766 67 41
3767 18 1
3768 90 74
3769 95 90
3770 38 78
3771 19 49
3772 97 75
3773 0 72
3774 12 20
3775 56 29
3776 32 63
3777 96 94
3778 8 50
3779 17 96
3780 92 72
3781 94 33
3782 48 87
3783 27 54
3784 64 88
3785 46 3
3786 54 58
3787 99 38
3788 25 53
3789 5 22
3790 14 79
3791 75 76
3792 36 75
3793 49 4
3794 45 24
3795 92 40
3796 57 98
3797 97 66
3798 84 86
3799 1 10
3800 48 46
3801 8 24
3802 74 52
3803 75 73
3804 63 57
3805 68 55
3806 44 94
3807 82 12
3808 96 18
3809 97 72
3810 38 23
3811 9 39
3812 95 5
3813 46 55
3814 61 33
3815 54 38
3816 52 95
3817 74 67
3818 71 51
3819 2 83
3820 0 75
3821 40 87
3822 56 37
3823 95 62
3824 16 84
3825 69 65
3826 89 28
3827 72 24
3828 37 68
3829 28 68
3830 5 19
3831 11 30
3832 3 29
3833 2 48
3834 19 14
3835 40 44
3836 16 13
3837 72 62
3838 83 21
3839 83 57
3840 9 84
3841 38 76
3842 63 89
3843 49 24
3844 23 49
3845 29 3
3846 23 33
3847 77 80
3848 63 9
3849 84 26
3850 35 46
3851 42 1
3852 43 25
3853 48 75
3854 55 9
3855 41 16
3856 84 70
3857 58 21
3858 80 35
3859 67 13
3860 80 77
3861 25 69
3862 84 37
3863 21 82
3864 36 91
3865 98 73
3866 37 57
3867 22 63
3868 41 36
3869 33 37
3870 40 74
3871 68 13
3872 8 13
3873 18 52
3874 75 55
3875 99 28
3876 41 70
3877 46 57
3878 21 72
3879 17 6
3880 3 66
3881 39 63
3882 11 67
3883 78 27
3884 48 95
3885 80 44
3886 2 29
3887 72 5
3888 9 11
3889 61 70
3890 18 68
3891 7 80
3892 92 69
3893 32 66
3894 11 65
3895 42 68
3896 19 26
3897 34 74
3898 34 5
3899 2 41
3900 35 91
3901 4 80
3902 75 55
3903 26 11
3904 97 40
3905 48 9
3906 11 46
3907 87 34
3908 58 58
3909 71 41
3910 35 12
3911 15 82
3912 53 11
3913 24 75
3914 95 98
3915 71 4
3916 9 20
3917 35 27
3918 64 27
3919 4 36
3920 43 20
3921 68 71
3922 16 32
3923 56 73
3924 39 99
3925 16 76
3926 33 61
3927 5 23
3928 75 21
3929 27 63
3930 31 51
3931 16 99
3932 69 44
3933 99 91
3934 10 60
3935 70 31
3936 54 34
3937 97 14
3938 43 44
3939 66 20
3940 55 50
3941 35 96
3942 82 94
3943 70 47
3944 14 12
3945 51 42
3946 0 40
3947 5 91
3948 3 69
3949 2 72
3950 32 65
3951 63 79
3952 28 84
3953 21 98
3954 63 90
3955 79 31
3956 55 6
3957 8 81
3958 15 19
3959 17 74
3960 73 51
3961 77 98
3962 8 28
3963 31 13
3964 29 6
3965 11 74
3966 42 93
3967 87 89
3968 87 56
3969 68 97
3970 72 71
3971 84 23
3972 32 20
3973 87 93
3974 32 23
3975 75 84
3976 51 28
3977 99 81
3978 88 64
3979 70 0
3980 53 8
3981 69 57
3982 79 5
3983 89 62
3984 19 19
3985 94 59
3986 51 19
3987 1 1
3988 67 53
3989 65 88
3990 41 38
3991 81 6
3992 30 26
3993 22 14
3994 94 6
3995 1 22
3996 85 67
3997 44 64
3998 2 27
3999 43 27
4000 30 24
4001 74 13
4002 29 16
4003 32 31
4004 26 97
4005 13 34
4006 99 82
4007 59 14
4008 27 63
4009 26 52
4010 82 75
4011 68 13
4012 17 71
4013 73 83
4014 74 36
4015 99 39
4016 9 38
4017 57 16
4018 64 68
4019 76 13
4020 94 90
4021 87 96
4022 92 66
4023 23 3
4024 8 29
4025 36 39
4026 0 91
4027 44 55
4028 56 60
4029 95 57
4030 43 48
4031 56 90
4032 97 74
4033 25 60
4034 24 42
4035 50 59
4036 86 13
4037 58 92
4038 88 71
4039 20 50
4040 48 70
4041 75 45
4042 0 59
4043 39 18
4044 94 1
4045 60 3
4046 72 18
4047 70 45
4048 33 97
4049 99 18
4050 41 62
4051 78 65
4052 79 76
4053 52 87
4054 32 52
4055 67 84
4056 40 44
4057 8 73
4058 73 11
4059 89 37
4060 34 7
4061 66 23
4062 82 47
4063 86 67
4064 42 12
4065 58 91
4066 72 2
4067 9 86
4068 91 9
4069 65 23
4070 6 51
4071 85 42
4072 34 75
4073 62 28
4074 10 97
4075 72 22
4076 7 61
4077 83 33
4078 96 55
4079 83 31
4080 89 85
4081 44 19
4082 93 76
4083 12 38
4084 34 22
4085 81 64
4086 45 65
4087 30 83
4088 21 23
4089 89 7
4090 84 58
4091 57 45
4092 40 36
4093 83 11
4094 18 76
4095 90 36
4096 25 34
4097 33 21
4098 6 66
4099 48 57
4100 63 24
4101 93 88
4102 15 7
4103 76 41
4104 30 99
4105 12 72
4106 65 75
4107 46 31
4108 28 99
4109 78 57
4110 92 0
4111 19 58
4112 32 44
4113 38 11
4114 32 9
4115 77 55
4116 75 31
4117 44 60
4118 65 69
4119 29 33
4120 60 42
4121 81 18
4122 63 17
4123 70 49
4124 87 2
4125 93 7
4126 87 90
4127 65 62
4128 4 34
4129 56 71
4130 68 64
4131 9 20
4132 22 56
4133 97 34
4134 31 86
4135 65 58
4136 69 45
4137 97 50
4138 19 0
4139 94 14
4140 73 89
4141 24 29
4142 15 69
4143 67 84
4144 66 82
4145 55 30
4146 13 58
4147 64 95
4148 33 60
4149 95 6
4150 20 36
4151 18 0
4152 37 34
4153 37 41
4154 93 14
4155 42 4
4156 40 41
4157 97 79
4158 40 79
4159 4 52
4160 88 12
4161 68 49
4162 31 34
4163 45 11
4164 80 1
4165 17 59
4166 4 87
4167 93 37
4168 71 23
4169 92 80
4170 32 26
4171 91 51
4172 39 51
4173 90 71
4174 60 85
4175 55 53
4176 55 43
4177 18 8
4178 67 68
4179 69 2
4180 89 25
4181 61 91
4182 97 83
4183 99 52
4184 47 59
4185 8 16
4186 86 23
4187 20 62
4188 20 17
4189 10 80
4190 44 73
4191 50 95
4192 46 63
4193 3 61
4194 69 85
4195 70 2
4196 53 90
4197 91 6
4198 64 0
4199 53 56
4200 51 37
4201 23 0
4202 77 39
4203 67 31
4204 22 55
4205 87 49
4206 58 89
4207 57 15
4208 74 65
4209 45 34
4210 79 37
4211 82 62
4212 89 5
4213 62 96
4214 32 13
4215 97 20
4216 63 54
4217 28 6
4218 50 49
4219 18 6
4220 96 72
4221 38 14
4222 97 20
4223 44 64
4224 32 75
4225 32 99
4226 55 19
4227 76 13
4228 55 61
4229 11 71
4230 76 70
4231 99 9
4232 57 67
4233 85 3
4234 61 51
4235 65 24
4236 47 38
4237 37 7
4238 98 68
4239 64 69
4240 60 97
4241 63 56
4242 81 98
4243 64 44
4244 77 14
4245 51 88
4246 38 46
4247 29 25
4248 73 29
4249 57 30
4250 34 40
4251 3 81
4252 10 7
4253 51 17
4254 81 69
4255 14 86
4256 96 41
4257 10 78
4258 7 42
4259 28 58
4260 2 41
4261 26 46
4262 0 76
4263 86 0
4264 8 11
4265 33 69
4266 11 34
4267 35 20
4268 94 82
4269 46 74
4270 47 47
4271 62 8
4272 0 64
4273 91 96
4274 36 51
4275 18 30
4276 1 98
4277 27 92
4278 14 57
4279 81 33
4280 20 50
4281 9 69
4282 35 45
4283 75 62
4284 6 90
4285 84 25
4286 96 54
4287 10 55
4288 78 17
4289 46 35
4290 84 89
4291 64 57
4292 93 3
4293 68 12
4294 6 42
4295 5 37
4296 1 12
4297 53 97
4298 38 92
4299 72 54
4300 89 29
4301 89 45
4302 66 92
4303 34 46
4304 88 72
4305 13 96
4306 11 45
4307 48 31
4308 85 51
4309 76 32
4310 76 63
4311 55 64
4312 85 47
4313 24 83
4314 1 13
4315 16 86
4316 45 91
4317 46 55
4318 99 19
4319 90 1
4320 69 21
4321 24 34
4322 28 8
4323 26 55
4324 64 21
4325 11 86
4326 16 40
4327 77 25
4328 74 25
4329 60 19
4330 68 50
4331 45 74
4332 55 27
4333 51 19
4334 99 93
4335 31 66
4336 61 75
4337 63 55
4338 39 20
4339 36 76
4340 20 68
4341 19 79
4342 2 30
4343 70 4
4344 13 20
4345 80 74
4346 59 70
4347 32 18
4348 75 50
4349 79 0
4350 57 6
4351 56 70
4352 90 45
4353 24 41
4354 77 22
4355 86 54
4356 88 83
4357 98 0
4358 30 66
4359 71 24
4360 57 47
4361 6 78
4362 12 57
4363 6 90
4364 42 44
4365 79 89
4366 40 35
4367 19 14
4368 12 48
4369 89 57
4370 5 28
4371 27 90
4372 34 26
4373 85 75
4374 71 31
4375 88 8
4376 78 55
4377 43 9
4378 0 77
4379 58 32
4380 38 33
4381 98 32
4382 42 97
4383 13 52
4384 64 84
4385 87 81
4386 77 14
4387 19 28
4388 20 15
4389 44 85
4390 71 30
4391 19 10
4392 55 71
4393 10 85
4394 92 9
4395 14 34
4396 90 56
4397 18 71
4398 29 94
4399 48 36
4400 13 32
4401 10 87
4402 44 7
4403 31 63
4404 35 14
4405 89 84
4406 33 72
4407 61 7
4408 14 87
4409 77 71
4410 86 27
4411 60 55
4412 70 53
4413 90 21
4414 96 47
4415 98 25
4416 66 8
4417 72 38
4418 19 31
4419 66 48
4420 40 47
4421 49 78
4422 19 29
4423 1 18
4424 95 10
4425 56 42
4426 17 77
4427 49 85
4428 72 55
4429 17 90
4430 16 9
4431 66 88
4432 15 64
4433 18 25
4434 99 22
4435 87 83
4436 21 28
4437 31 39
4438 78 82
4439 36 40
4440 52 72
4441 25 86
4442 90 56
4443 8 89
4444 58 87
4445 66 64
4446 14 75
4447 32 30
4448 80 61
4449 62 54
4450 11 75
4451 18 73
4452 22 73
4453 21 88
4454 46 10
4455 7 90
4456 19 76
4457 38 43
4458 84 80
4459 97 58
4460 55 28
4461 66 12
4462 56 23
4463 68 45
4464 96 1
4465 58 16
4466 19 81
4467 29 76
4468 54 52
4469 63 17
4470 35 19
4471 43 48
4472 80 75
4473 45 38
4474 37 88
4475 45 0
4476 64 3
4477 99 82
4478 9 5
4479 16 99
4480 5 75
4481 92 44
4482 52 90
4483 70 37
4484 46 62
4485 89 31
4486 17 79
4487 23 35
4488 85 18
4489 32 80
4490 77 30
4491 7 7
4492 55 57
4493 51 16
4494 82 47
4495 67 48
4496 35 63
4497 11 59
4498 27 98
4499 95 89
4500 5 7
4501 91 75
4502 98 14
4503 83 84
4504 80 63
4505 97 90
4506 73 36
4507 21 74
4508 68 84
4509 89 94
4510 39 54
4511 55 99
4512 95 40
4513 95 53
4514 68 63
4515 8 86
4516 22 43
4517 74 70
4518 38 32
4519 9 40
4520 74 67
4521 35 18
4522 49 76
4523 75 99
4524 42 37
4525 91 42
4526 8 1
4527 50 51
4528 52 91
4529 79 57
4530 18 30
4531 16 17
4532 54 10
4533 67 30
4534 62 51
4535 35 35
4536 75 48
4537 20 71
4538 18 37
4539 49 18
4540 65 96
4541 11 31
4542 71 66
4543 77 21
4544 92 23
4545 18 47
4546 52 51
4547 22 44
4548 50 18
4549 64 38
4550 8 44
4551 37 90
4552 1 55
4553 67 60
4554 81 78
4555 32 15
4556 41 61
4557 92 22
4558 19 85
4559 45 88
4560 33 46
4561 37 38
4562 33 88
4563 82 24
4564 26 76
4565 21 0
4566 72 11
4567 9 20
4568 59 20
4569 30 16
4570 99 17
4571 39 14
4572 90 3
4573 5 91
4574 59 99
4575 24 65
4576 72 75
4577 5 62
4578 7 98
4579 56 12
4580 72 42
4581 33 5
4582 57 32
4583 42 30
4584 51 71
4585 63 98
4586 55 29
4587 88 16
4588 6 23
4589 48 30
4590 83 91
4591 65 27
4592 51 56
4593 27 96
4594 5 47
4595 13 60
4596 63 17
4597 43 56
4598 83 34
4599 57 58
4600 60 74
4601 40 87
4602 36 26
4603 9 43
4604 86 89
4605 55 84
4606 49 26
4607 28 81
4608 77 6
4609 54 1
4610 4 45
4611 25 3
4612 58 2
4613 35 37
4614 86 32
4615 32 72
4616 65 90
4617 69 9
4618 50 77
4619 91 24
4620 46 83
4621 9 16
4622 92 28
4623 10 37
4624 89 61
4625 78 77
4626 80 55
4627 53 15
4628 49 37
4629 28 33
4630 91 71
4631 57 54
4632 57 82
4633 18 59
4634 56 19
4635 30 99
4636 15 29
4637 54 21
4638 35 8
4639 10 30
4640 91 97
4641 48 24
4642 53 54
4643 92 9
4644 37 54
4645 60 13
4646 48 57
4647 33 74
4648 25 55
4649 58 9
4650 9 51
4651 80 70
4652 30 79
4653 62 50
4654 1 31
4655 80 40
4656 26 98
4657 41 93
4658 23 33
4659 0 2
4660 90 8
4661 22 2
4662 59 17
4663 51 57
4664 95 80
4665 95 79
4666 49 0
4667 20 40
4668 16 77
4669 93 74
4670 91 41
4671 8 5
4672 73 19
4673 87 49
4674 15 40
4675 50 92
4676 54 56
4677 19 0
4678 28 78
4679 11 13
4680 28 5
4681 55 21
4682 36 0
4683 90 25
4684 78 1
4685 76 46
4686 39 26
4687 10 49
4688 0 17
4689 28 39
4690 29 1
4691 41 55
4692 29 2
4693 25 93
4694 81 19
4695 11 38
4696 66 79
4697 46 86
4698 85 87
4699 68 72
4700 28 61
4701 71 13
4702 63 4
4703 53 28
4704 45 69
4705 0 11
4706 49 72
4707 84 26
4708 63 0
4709 92 33
4710 75 97
4711 43 59
4712 90 38
4713 80 59
4714 79 23
4715 63 12
4716 48 56
4717 10 67
4718 30 27
4719 91 24
4720 49 97
4721 48 12
4722 18 99
4723 89 94
4724 95 19
4725 23 85
4726 95 35
4727 97 31
4728 18 11
4729 23 25
4730 24 93
4731 48 21
4732 5 88
4733 63 93
4734 61 16
4735 96 35
4736 9 67
4737 84 78
4738 49 31
4739 41 90
4740 49 85
4741 63 60
4742 0 78
4743 17 13
4744 58 78
4745 49 18
4746 4 65
4747 99 56
4748 49 26
4749 6 30
4750 35 95
4751 32 79
4752 22 88
4753 75 27
4754 50 19
4755 82 87
4756 70 32
4757 76 38
4758 29 87
4759 21 26
4760 70 50
4761 34 82
4762 67 78
4763 31 43
4764 68 28
4765 28 22
4766 24 10
4767 55 53
4768 53 84
4769 37 12
4770 2 90
4771 62 39
4772 96 61
4773 47 71
4774 88 60
4775 26 61
4776 5 79
4777 59 85
4778 61 50
4779 12 44
4780 56 31
4781 59 22
4782 90 60
4783 62 59
4784 77 23
4785 85 45
4786 50 8
4787 23 80
4788 88 95
4789 86 5
4790 30 59
4791 55 7
4792 1 67
4793 17 44
4794 51 69
4795 92 2
4796 71 92
4797 55 71
4798 30 39
4799 49 36
4800 98 88
4801 93 65
4802 75 81
4803 11 96
4804 55 78
4805 96 66
4806 64 7
4807 13 96
4808 76 52
4809 21 22
4810 42 18
4811 8 7
4812 31 82
4813 73 57
4814 53 52
4815 50 48
4816 45 49
4817 6 42
4818 65 89
4819 31 20
4820 56 20
4821 88 72
4822 72 26
4823 38 64
4824 79 58
4825 94 78
4826 18 26
4827 93 80
4828 80 85
4829 34 92
4830 7 53
4831 43 2
4832 28 47
4833 20 14
4834 0 71
4835 30 86
4836 20 1
4837 66 22
4838 29 35
4839 34 5
4840 44 9
4841 78 94
4842 58 71
4843 30 19
4844 56 25
4845 62 80
4846 55 39
4847 12 2
4848 77 85
4849 44 24
4850 5 23
4851 63 7
4852 27 7
4853 57 17
4854 60 71
4855 51 44
4856 51 29
4857 48 97
4858 75 48
4859 44 56
4860 17 1
4861 57 75
4862 9 50
4863 31 81
4864 88 64
4865 44 43
4866 90 9
4867 99 20
4868 46 70
4869 67 51
4870 14 13
4871 58 85
4872 74 17
4873 29 26
4874 90 14
4875 26 29
4876 41 87
4877 7 4
4878 66 88
4879 98 76
4880 76 76
4881 28 95
4882 26 7
4883 53 41
4884 29 27
4885 51 5
4886 81 93
4887 42 3
4888 42 72
4889 0 91
4890 21 5
4891 90 73
4892 37 14
4893 2 3
4894 2 95
4895 54 58
4896 72 90
4897 75 38
4898 84 62
4899 58 67
4900 63 88
4901 96 63
4902 63 21
4903 48 48
4904 45 3
4905 61 93
4906 87 6
4907 54 70
4908 85 55
4909 58 12
4910 5 50
4911 38 34
4912 72 93
4913 33 90
4914 18 4
4915 19 79
4916 13 33
4917 28 33
4918 8 27
4919 10 16
4920 65 53
4921 58 98
4922 33 60
4923 70 65
4924 35 4
4925 52 29
4926 4 46
4927 61 12
4928 49 61
4929 90 69
4930 87 57
4931 30 40
4932 84 82
4933 80 53
4934 78 20
4935 61 58
4936 45 41
4937 46 51
4938 92 40
4939 0 12
4940 22 67
4941 54 13
4942 51 89
4943 74 67
4944 71 15
4945 84 47
4946 36 40
4947 29 7
4948 23 17
4949 13 51
4950 80 17
4951 87 14
4952 42 94
4953 83 63
4954 99 10
4955 20 9
4956 61 78
4957 46 19
4958 3 16
4959 89 94
4960 7 12
4961 82 62
4962 36 14
4963 21 4
4964 12 38
4965 27 74
4966 26 49
4967 31 5
4968 80 40
4969 71 57
4970 5 11
4971 68 60
4972 94 75
4973 85 58
4974 94 9
4975 4 7
4976 28 18
4977 44 68
4978 35 24
4979 78 27
4980 72 79
4981 51 61
4982 83 45
4983 82 12
4984 46 41
4985 38 62
4986 44 31
4987 89 96
4988 44 21
4989 67 60
4990 28 63
4991 10 2
4992 33 20
4993 46 8
4994 4 63
4995 70 56
4996 61 44
4997 84 26
4998 59 7
4999 77 49
5000 93 73
